Y 0.067500 0.353933 0.025000 0.037453
Y 0.828125 0.785581 0.106250 0.267790
S 0.877500 0.168539 0.025000 0.037453
S 0.973750 0.365169 0.030000 0.044944
H 0.265000 0.368914 0.027500 0.041199
H 0.377500 0.863296 0.025000 0.037453
E 0.330000 0.197566 0.127500 0.249064
E 0.721250 0.408240 0.025000 0.037453
G 0.948750 0.413858 0.025000 0.037453
G 0.592500 0.928839 0.032500 0.048689
Z 0.965000 0.256554 0.025000 0.037453
Z 0.530000 0.406367 0.182500 0.299625
C 0.212500 0.850187 0.027500 0.041199
C 0.079375 0.880150 0.103750 0.213483
