8 0.426389 0.358333 0.069444 0.233333
8 0.683333 0.583333 0.133333 0.204167
G 0.250000 0.581250 0.036111 0.054167
G 0.383333 0.814583 0.086111 0.295833
K 0.642361 0.907292 0.087500 0.118750
K 0.094444 0.087500 0.030556 0.045833
7 0.091667 0.357292 0.116667 0.172917
7 0.144444 0.773958 0.205556 0.231250
6 0.818056 0.439583 0.027778 0.041667
6 0.836111 0.358333 0.036111 0.054167
2 0.931944 0.125000 0.038889 0.058333
2 0.631944 0.235417 0.033333 0.050000
B 0.594444 0.287500 0.036111 0.054167
B 0.474306 0.603125 0.093056 0.152083
R 0.770833 0.848958 0.155556 0.206250
R 0.278472 0.234375 0.159722 0.293750
E 0.825000 0.211458 0.161111 0.239583
E 0.273611 0.793750 0.038889 0.058333
