5 0.412935 0.430279 0.099502 0.079681
5 0.654229 0.324701 0.323383 0.314741
12 0.169154 0.446215 0.129353 0.103586
12 0.194030 0.139442 0.099502 0.079681
6 0.482587 0.589641 0.109453 0.087649
6 0.830846 0.804781 0.109453 0.087649
7 0.221393 0.715139 0.393035 0.434263
32 0.601990 0.677291 0.099502 0.079681
32 0.805970 0.055777 0.099502 0.079681
30 0.925373 0.402390 0.139303 0.111554
10 0.711443 0.944223 0.139303 0.111554
25 0.542289 0.860558 0.099502 0.079681
25 0.278607 0.270916 0.119403 0.095618
