M 0.881481 0.449074 0.225926 0.301852
M 0.342593 0.123148 0.211111 0.209259
9 0.718519 0.942593 0.037037 0.037037
9 0.059259 0.281481 0.037037 0.037037
5 0.081481 0.937037 0.037037 0.037037
5 0.179630 0.188889 0.051852 0.051852
V 0.822222 0.718519 0.114815 0.107407
V 0.358333 0.372222 0.164815 0.225926
0 0.112963 0.690741 0.177778 0.259259
0 0.546296 0.344444 0.044444 0.044444
S 0.398148 0.654630 0.300000 0.294444
S 0.875000 0.924074 0.150000 0.092593
2 0.955556 0.135185 0.051852 0.051852
2 0.474074 0.038889 0.040741 0.040741
K 0.150000 0.916667 0.051852 0.051852
K 0.022222 0.029630 0.040741 0.040741
