1 0.470215 0.265542 0.106445 0.186501
1 0.882812 0.420959 0.126953 0.206039
B 0.135742 0.211368 0.019531 0.035524
B 0.762207 0.131439 0.129883 0.206039
2 0.386719 0.131439 0.019531 0.035524
2 0.836426 0.650977 0.124023 0.182948
9 0.255859 0.863233 0.072266 0.117229
9 0.582031 0.439609 0.111328 0.243339
6 0.166016 0.467140 0.054688 0.259325
6 0.054199 0.525755 0.077148 0.156306
7 0.070312 0.394316 0.023438 0.042629
7 0.938477 0.634103 0.019531 0.035524
U 0.919922 0.869449 0.060547 0.172291
U 0.916016 0.976909 0.023438 0.042629
C 0.292480 0.515986 0.049805 0.207815
C 0.459473 0.640320 0.055664 0.090586
