3 0.648889 0.937778 0.088889 0.088889
3 0.682222 0.624444 0.351111 0.431111
0 0.248889 0.231111 0.106667 0.106667
9 0.240000 0.708889 0.257778 0.573333
G 0.937778 0.568889 0.106667 0.106667
G 0.902222 0.911111 0.115556 0.115556
H 0.115556 0.137778 0.088889 0.088889
H 0.053333 0.320000 0.088889 0.088889
B 0.066667 0.786667 0.088889 0.088889
B 0.142222 0.337778 0.088889 0.088889
Y 0.764444 0.168889 0.124444 0.124444
Y 0.573333 0.182222 0.097778 0.097778
7 0.497778 0.075556 0.088889 0.088889
7 0.302222 0.337778 0.088889 0.088889
N 0.382222 0.128889 0.115556 0.115556
N 0.444444 0.928889 0.088889 0.088889
