U 0.723958 0.376389 0.092708 0.173148
U 0.987500 0.936111 0.013542 0.024074
7 0.095312 0.501389 0.057292 0.108333
7 0.867448 0.556944 0.057812 0.082407
E 0.280469 0.507870 0.074479 0.065741
E 0.819271 0.797222 0.060417 0.070370
J 0.427865 0.227315 0.064062 0.121296
J 0.596094 0.299537 0.074479 0.125000
A 0.528125 0.207407 0.010417 0.018519
A 0.231771 0.212037 0.010417 0.018519
6 0.326042 0.328704 0.010417 0.018519
6 0.080208 0.726389 0.069792 0.141667
X 0.892708 0.346296 0.013542 0.024074
X 0.823958 0.017593 0.010417 0.018519
M 0.710417 0.867593 0.010417 0.018519
M 0.343750 0.668519 0.010417 0.018519
