A 0.688542 0.556019 0.062500 0.060185
A 0.235417 0.916667 0.010417 0.018519
P 0.118750 0.702778 0.012500 0.022222
P 0.250260 0.404167 0.075521 0.130556
C 0.130729 0.926389 0.051042 0.069444
C 0.828906 0.851389 0.075521 0.160185
N 0.554167 0.109259 0.076042 0.090741
N 0.143490 0.120833 0.073438 0.086111
8 0.769531 0.466204 0.078646 0.123148
8 0.363542 0.749537 0.076042 0.093519
0 0.660417 0.122685 0.071875 0.130556
0 0.344792 0.112963 0.010417 0.018519
H 0.960938 0.775926 0.063542 0.151852
H 0.507812 0.883333 0.012500 0.022222
2 0.332292 0.063426 0.058333 0.067593
2 0.863542 0.427778 0.012500 0.022222
L 0.469792 0.573148 0.010417 0.018519
L 0.270573 0.756019 0.058854 0.058333
S 0.414844 0.381481 0.068229 0.146296
S 0.854427 0.188426 0.073438 0.106481
