7 0.525694 0.508333 0.193056 0.212500
7 0.822917 0.113542 0.187500 0.172917
3 0.106250 0.183333 0.118056 0.162500
3 0.669444 0.780208 0.147222 0.327083
0 0.249306 0.408333 0.140278 0.237500
0 0.954861 0.839583 0.087500 0.129167
T 0.258333 0.821875 0.222222 0.318750
T 0.493056 0.154167 0.200000 0.241667
Y 0.854167 0.496875 0.219444 0.356250
Y 0.898611 0.720833 0.027778 0.041667
C 0.325000 0.214583 0.027778 0.041667
C 0.694444 0.072917 0.027778 0.041667
V 0.515278 0.751042 0.105556 0.222917
V 0.648611 0.350000 0.036111 0.054167
E 0.709722 0.462500 0.030556 0.045833
E 0.061111 0.747917 0.097222 0.287500
6 0.668056 0.173958 0.108333 0.156250
P 0.077083 0.410417 0.098611 0.233333
