X 0.282407 0.804630 0.242593 0.116667
X 0.379630 0.237037 0.044444 0.044444
V 0.964815 0.905556 0.037037 0.037037
V 0.344444 0.575926 0.296296 0.296296
8 0.731481 0.542593 0.051852 0.051852
8 0.741667 0.283333 0.138889 0.133333
W 0.732407 0.828704 0.257407 0.216667
W 0.255556 0.300000 0.051852 0.051852
B 0.542593 0.283333 0.229630 0.285185
B 0.097222 0.294444 0.194444 0.285185
C 0.885185 0.337037 0.037037 0.037037
C 0.888889 0.462963 0.192593 0.203704
0 0.590741 0.553704 0.151852 0.244444
N 0.794444 0.100000 0.037037 0.037037
N 0.940741 0.614815 0.037037 0.037037
E 0.914815 0.701852 0.048148 0.048148
E 0.366667 0.385185 0.037037 0.037037
1 0.035185 0.733333 0.051852 0.051852
1 0.231481 0.953704 0.051852 0.051852
