32 0.861719 0.822222 0.077604 0.072222
32 0.778906 0.102315 0.076563 0.123148
1 0.932812 0.595833 0.041667 0.082407
1 0.669010 0.112500 0.054688 0.106481
18 0.493750 0.655556 0.013542 0.024074
18 0.189583 0.262037 0.012500 0.022222
30 0.816146 0.549074 0.010417 0.018519
30 0.559896 0.449074 0.010417 0.018519
15 0.068229 0.443056 0.047917 0.080556
15 0.955729 0.157407 0.034375 0.138889
27 0.315625 0.124074 0.013542 0.024074
27 0.767708 0.963889 0.010417 0.018519
19 0.390104 0.627778 0.012500 0.022222
19 0.159896 0.453241 0.084375 0.136111
33 0.537500 0.107407 0.010417 0.018519
33 0.959375 0.298148 0.011458 0.020370
20 0.468750 0.059259 0.010417 0.018519
20 0.122396 0.313889 0.012500 0.022222
