30 0.504444 0.593333 0.528889 0.368889
30 0.777778 0.177778 0.355556 0.311111
10 0.333333 0.333333 0.124444 0.124444
10 0.191111 0.902222 0.124444 0.124444
32 0.484444 0.857778 0.097778 0.097778
32 0.475556 0.293333 0.115556 0.115556
4 0.893333 0.822222 0.106667 0.106667
27 0.484444 0.168889 0.088889 0.088889
27 0.604444 0.831111 0.106667 0.106667
6 0.066667 0.786667 0.088889 0.088889
6 0.875556 0.391111 0.115556 0.115556
11 0.084444 0.497778 0.115556 0.115556
15 0.880000 0.600000 0.115556 0.115556
15 0.120000 0.680000 0.088889 0.088889
16 0.804444 0.955556 0.088889 0.088889
1 0.106667 0.151111 0.088889 0.088889
