29 0.869629 0.444322 0.054688 0.102507
29 0.249512 0.413717 0.053711 0.100295
5 0.957520 0.122419 0.010742 0.016224
5 0.196533 0.870575 0.026855 0.067109
21 0.068848 0.050147 0.034180 0.066372
21 0.157715 0.281711 0.009766 0.014749
2 0.197266 0.033186 0.013672 0.020649
2 0.331055 0.044248 0.012695 0.019174
18 0.348633 0.089971 0.032227 0.056047
18 0.438477 0.598820 0.058594 0.087021
15 0.112793 0.786873 0.012695 0.019174
15 0.972168 0.821534 0.009766 0.014749
4 0.184082 0.312684 0.009766 0.014749
4 0.783936 0.067109 0.046387 0.044248
16 0.766602 0.716077 0.009766 0.014749
16 0.110352 0.180678 0.028320 0.048673
