7 0.240356 0.282222 0.059347 0.044444
7 0.842730 0.148889 0.059347 0.044444
V 0.317507 0.734444 0.338279 0.180000
V 0.854599 0.217778 0.059347 0.044444
E 0.669139 0.098889 0.275964 0.188889
E 0.471810 0.953333 0.059347 0.044444
F 0.715134 0.835556 0.308605 0.137778
F 0.727003 0.704444 0.059347 0.044444
N 0.676558 0.260000 0.059347 0.044444
N 0.740356 0.527778 0.436202 0.237778
3 0.347181 0.478889 0.302671 0.304444
3 0.465875 0.082222 0.065282 0.048889
1 0.943620 0.864444 0.077151 0.057778
1 0.068249 0.431111 0.059347 0.044444
L 0.172107 0.123333 0.267062 0.202222
Q 0.129080 0.933333 0.258160 0.120000
M 0.608309 0.315556 0.071217 0.053333
M 0.578635 0.957778 0.059347 0.044444
