5 0.797125 0.659472 0.035144 0.052758
5 0.527157 0.546763 0.041534 0.062350
S 0.851438 0.923261 0.044728 0.067146
S 0.152556 0.617506 0.209265 0.199041
0 0.953674 0.441247 0.041534 0.062350
0 0.753994 0.836930 0.031949 0.047962
L 0.495208 0.366906 0.031949 0.047962
L 0.731629 0.181055 0.194888 0.347722
W 0.215655 0.064748 0.044728 0.067146
W 0.468850 0.244604 0.151757 0.167866
J 0.482428 0.853717 0.041534 0.062350
J 0.683706 0.532374 0.041534 0.062350
C 0.108626 0.414868 0.169329 0.187050
C 0.865815 0.335731 0.035144 0.052758
7 0.395367 0.653477 0.215655 0.247002
7 0.769968 0.436451 0.121406 0.143885
