G 0.284028 0.678125 0.187500 0.243750
G 0.287500 0.237500 0.036111 0.054167
T 0.094444 0.127083 0.033333 0.050000
T 0.286111 0.477083 0.027778 0.041667
L 0.551389 0.538542 0.152778 0.235417
L 0.906250 0.158333 0.159722 0.287500
F 0.609722 0.837500 0.119444 0.183333
F 0.857639 0.835417 0.201389 0.241667
7 0.095833 0.552083 0.155556 0.229167
7 0.594444 0.222917 0.236111 0.375000
Y 0.481250 0.797917 0.137500 0.258333
Y 0.097222 0.408333 0.027778 0.041667
D 0.104167 0.047917 0.030556 0.045833
D 0.115278 0.816667 0.141667 0.275000
