N 0.085000 0.390528 0.058333 0.153727
N 0.030000 0.102484 0.016667 0.031056
V 0.190417 0.137422 0.100833 0.175466
V 0.881250 0.180901 0.079167 0.153727
G 0.490833 0.119565 0.101667 0.192547
G 0.586667 0.031056 0.018333 0.034161
D 0.367083 0.187888 0.107500 0.152174
D 0.915833 0.680901 0.125000 0.116460
X 0.424167 0.718944 0.115000 0.217391
X 0.565000 0.542702 0.063333 0.228261
5 0.340000 0.483696 0.073333 0.141304
5 0.330000 0.911491 0.016667 0.031056
0 0.735833 0.835404 0.018333 0.034161
0 0.451667 0.461180 0.113333 0.149068
T 0.114167 0.847826 0.016667 0.031056
T 0.250417 0.440217 0.050833 0.097826
