E 0.478022 0.119784 0.038462 0.021638
E 0.682692 0.107419 0.032967 0.018547
X 0.733516 0.697063 0.030220 0.017002
X 0.200549 0.130989 0.137363 0.056414
M 0.776099 0.205178 0.115385 0.093509
M 0.565934 0.358192 0.208791 0.102782
F 0.171703 0.626739 0.162088 0.092736
F 0.076236 0.856646 0.092033 0.064142
C 0.361264 0.341577 0.030220 0.017002
C 0.157280 0.498841 0.199176 0.113601
3 0.895604 0.376352 0.038462 0.021638
3 0.234890 0.308346 0.027473 0.015456
W 0.338599 0.879830 0.168956 0.096600
W 0.695055 0.467543 0.038462 0.021638
