10 0.804444 0.640000 0.106667 0.106667
10 0.453333 0.384444 0.595556 0.573333
20 0.124444 0.728889 0.088889 0.088889
20 0.093333 0.880000 0.115556 0.115556
12 0.617778 0.875556 0.088889 0.088889
12 0.800000 0.795556 0.106667 0.106667
9 0.817778 0.893333 0.088889 0.088889
9 0.057778 0.444444 0.088889 0.088889
33 0.933333 0.791111 0.088889 0.088889
33 0.293333 0.888889 0.088889 0.088889
27 0.942222 0.195556 0.115556 0.115556
27 0.928889 0.906667 0.124444 0.124444
14 0.413333 0.737778 0.088889 0.088889
14 0.057778 0.142222 0.097778 0.097778
13 0.062222 0.257778 0.088889 0.088889
13 0.462222 0.915556 0.088889 0.088889
1 0.937778 0.577778 0.115556 0.115556
1 0.671111 0.715556 0.088889 0.088889
