S 0.466667 0.533333 0.088889 0.088889
S 0.780000 0.642222 0.351111 0.288889
E 0.342222 0.813333 0.088889 0.088889
E 0.351111 0.444444 0.097778 0.097778
N 0.191111 0.262222 0.124444 0.124444
N 0.811111 0.317778 0.306667 0.360000
G 0.480000 0.204444 0.124444 0.124444
U 0.213333 0.706667 0.088889 0.088889
F 0.586667 0.293333 0.088889 0.088889
5 0.413333 0.648889 0.088889 0.088889
5 0.102222 0.942222 0.115556 0.115556
8 0.315556 0.137778 0.115556 0.115556
8 0.080000 0.506667 0.115556 0.115556
T 0.217778 0.911111 0.088889 0.088889
