W 0.748333 0.308598 0.183333 0.141343
W 0.732500 0.840989 0.178333 0.136631
6 0.272500 0.719670 0.175000 0.143698
6 0.810000 0.687868 0.166667 0.150766
B 0.076667 0.093051 0.036667 0.025913
B 0.234167 0.254417 0.105000 0.108363
G 0.048333 0.302709 0.033333 0.023557
G 0.061667 0.633687 0.033333 0.023557
0 0.515000 0.524146 0.266667 0.167256
0 0.443333 0.880448 0.196667 0.126031
5 0.841667 0.115430 0.100000 0.141343
5 0.123333 0.540636 0.133333 0.098940
S 0.931667 0.088339 0.033333 0.023557
S 0.155000 0.746761 0.033333 0.023557
H 0.160000 0.153710 0.116667 0.090695
H 0.940000 0.122497 0.033333 0.023557
9 0.348333 0.315665 0.046667 0.032980
9 0.965000 0.292108 0.033333 0.023557
7 0.966667 0.775029 0.046667 0.032980
7 0.831667 0.954064 0.046667 0.032980
