0 0.826172 0.427083 0.023438 0.041667
0 0.319824 0.076389 0.098633 0.131944
G 0.399902 0.701389 0.057617 0.097222
G 0.876465 0.217014 0.051758 0.187500
5 0.960938 0.866319 0.019531 0.034722
5 0.914062 0.102431 0.019531 0.034722
U 0.708984 0.416667 0.115234 0.197917
U 0.308594 0.405382 0.126953 0.199653
W 0.548340 0.500000 0.098633 0.263889
W 0.710938 0.703993 0.173828 0.307292
Y 0.148926 0.738715 0.149414 0.303819
Y 0.486328 0.541667 0.019531 0.034722
3 0.644531 0.109375 0.019531 0.034722
3 0.358887 0.934028 0.137695 0.125000
