6 0.661111 0.355556 0.037037 0.037037
6 0.466667 0.854630 0.222222 0.198148
21 0.685185 0.187037 0.192593 0.270370
21 0.224074 0.675926 0.037037 0.037037
17 0.659259 0.830556 0.118519 0.261111
17 0.225000 0.177778 0.250000 0.274074
4 0.275926 0.448148 0.196296 0.100000
4 0.511111 0.617593 0.155556 0.201852
32 0.712963 0.538889 0.248148 0.244444
32 0.081481 0.463889 0.122222 0.212963
27 0.890741 0.294444 0.048148 0.048148
27 0.429630 0.364815 0.037037 0.037037
30 0.848148 0.859259 0.192593 0.255556
30 0.794444 0.688889 0.051852 0.051852
1 0.522222 0.438889 0.048148 0.048148
1 0.110185 0.729630 0.157407 0.174074
