1 0.524444 0.231111 0.088889 0.088889
1 0.248889 0.208889 0.097778 0.097778
17 0.655556 0.631111 0.502222 0.488889
17 0.191111 0.466667 0.115556 0.115556
18 0.180000 0.744444 0.333333 0.271111
18 0.720000 0.222222 0.124444 0.124444
25 0.106667 0.284444 0.124444 0.124444
14 0.595556 0.137778 0.088889 0.088889
26 0.440000 0.106667 0.088889 0.088889
26 0.955556 0.586667 0.088889 0.088889
23 0.906667 0.093333 0.088889 0.088889
23 0.391111 0.231111 0.097778 0.097778
15 0.675556 0.928889 0.097778 0.097778
