4 0.290735 0.760192 0.038339 0.057554
4 0.707668 0.741007 0.041534 0.062350
19 0.814696 0.215827 0.035144 0.052758
19 0.738019 0.151079 0.095847 0.187050
0 0.408147 0.395683 0.199681 0.196643
0 0.279553 0.139089 0.031949 0.047962
20 0.642173 0.594724 0.035144 0.052758
20 0.035144 0.122302 0.031949 0.047962
21 0.062300 0.045564 0.035144 0.052758
21 0.428115 0.160671 0.031949 0.047962
25 0.120607 0.770983 0.097444 0.357314
25 0.242812 0.170264 0.031949 0.047962
26 0.584665 0.206235 0.041534 0.062350
26 0.484026 0.827338 0.214058 0.134293
