29 0.749074 0.641667 0.112963 0.231481
29 0.942593 0.694444 0.048148 0.048148
0 0.512963 0.356481 0.285185 0.142593
0 0.387037 0.477778 0.051852 0.051852
20 0.401852 0.799074 0.251852 0.187037
20 0.109259 0.314815 0.048148 0.048148
15 0.253704 0.935185 0.037037 0.037037
15 0.472222 0.509259 0.037037 0.037037
32 0.937037 0.788889 0.037037 0.037037
32 0.374074 0.940741 0.037037 0.037037
24 0.324074 0.524074 0.037037 0.037037
24 0.856481 0.210185 0.242593 0.209259
31 0.957407 0.885185 0.037037 0.037037
31 0.171296 0.474074 0.261111 0.255556
