19 0.565041 0.141463 0.113821 0.136585
19 0.250000 0.546341 0.491870 0.663415
28 0.731707 0.363415 0.219512 0.707317
28 0.886179 0.458537 0.081301 0.097561
17 0.065041 0.092683 0.113821 0.136585
6 0.715447 0.887805 0.081301 0.097561
8 0.922764 0.326829 0.081301 0.097561
4 0.365854 0.126829 0.081301 0.097561
4 0.813008 0.917073 0.081301 0.097561
25 0.260163 0.946341 0.081301 0.097561
26 0.902439 0.087805 0.113821 0.136585
24 0.126016 0.946341 0.081301 0.097561
13 0.223577 0.068293 0.089431 0.107317
