1 0.440278 0.701042 0.108333 0.222917
1 0.616667 0.716667 0.036111 0.054167
X 0.704167 0.202083 0.030556 0.045833
X 0.526389 0.533333 0.030556 0.045833
0 0.881944 0.410417 0.038889 0.058333
0 0.573611 0.134375 0.127778 0.239583
F 0.754167 0.344792 0.125000 0.131250
F 0.425000 0.404167 0.038889 0.058333
N 0.543056 0.725000 0.027778 0.041667
N 0.356944 0.043750 0.027778 0.041667
P 0.136111 0.573958 0.083333 0.264583
P 0.686111 0.597917 0.027778 0.041667
3 0.712500 0.954167 0.027778 0.041667
3 0.940278 0.822917 0.027778 0.041667
