2 0.884167 0.816770 0.023333 0.043478
2 0.045000 0.923913 0.021667 0.040373
A 0.650000 0.223602 0.016667 0.031056
A 0.890833 0.574534 0.016667 0.031056
9 0.705833 0.578416 0.123333 0.172360
9 0.102500 0.403727 0.023333 0.043478
M 0.701250 0.139752 0.064167 0.217391
M 0.118333 0.717391 0.016667 0.031056
T 0.447083 0.814441 0.097500 0.237578
T 0.551250 0.557453 0.095833 0.167702
F 0.248750 0.229814 0.105833 0.183230
F 0.307083 0.583851 0.077500 0.130435
1 0.476667 0.591615 0.023333 0.043478
1 0.487917 0.135870 0.119167 0.243789
Z 0.040000 0.035714 0.016667 0.031056
Z 0.605417 0.100932 0.110833 0.149068
C 0.189167 0.020186 0.016667 0.031056
C 0.859167 0.895963 0.023333 0.043478
G 0.174167 0.524845 0.020000 0.037267
G 0.915833 0.240683 0.160000 0.301242
