5 0.312500 0.584961 0.027344 0.027344
5 0.349609 0.456055 0.019531 0.019531
Z 0.267578 0.341797 0.142578 0.066406
Z 0.080078 0.235352 0.025391 0.025391
H 0.413086 0.360352 0.019531 0.019531
H 0.277344 0.987305 0.019531 0.019531
Q 0.524414 0.450684 0.076172 0.131836
Q 0.758301 0.790039 0.139648 0.138672
2 0.909668 0.374023 0.094727 0.109375
2 0.722168 0.957520 0.118164 0.083008
C 0.235352 0.098633 0.025391 0.025391
C 0.091309 0.735352 0.081055 0.121094
7 0.522461 0.232422 0.019531 0.019531
7 0.739258 0.267578 0.019531 0.019531
