1 0.777778 0.582222 0.088889 0.088889
1 0.420000 0.668889 0.324444 0.608889
Y 0.537778 0.200000 0.524444 0.302222
Y 0.751111 0.693333 0.088889 0.088889
P 0.640000 0.773333 0.088889 0.088889
P 0.151111 0.417778 0.115556 0.115556
0 0.791111 0.866667 0.088889 0.088889
0 0.075556 0.928889 0.088889 0.088889
8 0.066667 0.808889 0.088889 0.088889
B 0.200000 0.288889 0.088889 0.088889
B 0.644444 0.617778 0.115556 0.115556
Q 0.115556 0.102222 0.088889 0.088889
G 0.937778 0.102222 0.088889 0.088889
L 0.097778 0.697778 0.088889 0.088889
F 0.857778 0.240000 0.088889 0.088889
