N 0.138194 0.542708 0.265278 0.385417
N 0.584028 0.532292 0.206944 0.181250
8 0.434722 0.783333 0.027778 0.041667
8 0.445833 0.727083 0.033333 0.050000
3 0.090278 0.863542 0.144444 0.164583
3 0.825000 0.477083 0.080556 0.191667
A 0.054167 0.218750 0.027778 0.041667
A 0.548611 0.260417 0.027778 0.041667
L 0.645833 0.279167 0.030556 0.045833
L 0.129167 0.247917 0.027778 0.041667
K 0.796528 0.695833 0.187500 0.233333
K 0.377083 0.563542 0.159722 0.177083
W 0.101389 0.108333 0.027778 0.041667
W 0.809028 0.178125 0.201389 0.302083
1 0.622222 0.893750 0.208333 0.150000
1 0.972222 0.197917 0.027778 0.041667
R 0.272222 0.050000 0.033333 0.050000
2 0.345833 0.916667 0.033333 0.050000
2 0.411111 0.295833 0.111111 0.191667
