1 0.433333 0.047619 0.083333 0.095238
1 0.045833 0.890476 0.083333 0.095238
32 0.547917 0.369048 0.295833 0.271429
32 0.845833 0.704762 0.083333 0.095238
8 0.054167 0.557143 0.083333 0.095238
5 0.612500 0.866667 0.083333 0.095238
5 0.191667 0.552381 0.091667 0.104762
17 0.125000 0.409524 0.116667 0.133333
17 0.804167 0.552381 0.108333 0.123810
11 0.658333 0.671429 0.091667 0.104762
11 0.331250 0.811905 0.479167 0.347619
19 0.704167 0.152381 0.108333 0.123810
30 0.154167 0.247619 0.083333 0.095238
25 0.895833 0.276190 0.116667 0.133333
