S 0.875977 0.816016 0.103516 0.053906
S 0.427734 0.606250 0.019531 0.015625
R 0.711426 0.886328 0.125977 0.114844
R 0.347656 0.750781 0.093750 0.110938
8 0.675781 0.988281 0.019531 0.015625
8 0.224609 0.268359 0.158203 0.128906
Q 0.149414 0.441016 0.054688 0.085156
Q 0.597656 0.466797 0.107422 0.119531
Z 0.025391 0.557031 0.027344 0.021875
Z 0.055664 0.719531 0.027344 0.021875
C 0.102539 0.033594 0.021484 0.017188
C 0.953125 0.494531 0.025391 0.020313
6 0.418945 0.537500 0.091797 0.062500
6 0.295898 0.606250 0.023438 0.018750
K 0.968750 0.259375 0.025391 0.020313
K 0.642578 0.356250 0.019531 0.015625
