K 0.905556 0.768750 0.038889 0.058333
K 0.549306 0.248958 0.229167 0.293750
S 0.100000 0.758333 0.169444 0.300000
S 0.347222 0.672917 0.027778 0.041667
2 0.142361 0.464583 0.156944 0.241667
2 0.320833 0.945833 0.038889 0.058333
N 0.765972 0.815625 0.181944 0.247917
N 0.834028 0.173958 0.170833 0.231250
A 0.113889 0.947917 0.027778 0.041667
A 0.509722 0.029167 0.027778 0.041667
B 0.525000 0.883333 0.030556 0.045833
B 0.548611 0.816667 0.027778 0.041667
7 0.422917 0.502083 0.151389 0.133333
7 0.767361 0.458333 0.190278 0.275000
W 0.184722 0.962500 0.027778 0.041667
