5 0.543750 0.848958 0.076389 0.289583
5 0.308333 0.341667 0.030556 0.045833
V 0.108333 0.108333 0.027778 0.041667
V 0.620833 0.610417 0.105556 0.170833
J 0.919444 0.852083 0.027778 0.041667
J 0.888889 0.700000 0.027778 0.041667
L 0.677778 0.862500 0.033333 0.050000
L 0.072222 0.379167 0.038889 0.058333
9 0.951389 0.720833 0.027778 0.041667
9 0.800000 0.372917 0.038889 0.058333
E 0.368750 0.830208 0.201389 0.277083
E 0.341667 0.570833 0.027778 0.041667
3 0.362500 0.145833 0.027778 0.041667
3 0.663889 0.143750 0.027778 0.041667
H 0.170833 0.585417 0.027778 0.041667
H 0.380556 0.416667 0.036111 0.054167
2 0.675694 0.356250 0.173611 0.241667
2 0.931944 0.585417 0.033333 0.050000
