19 0.625000 0.722496 0.040170 0.085331
19 0.955104 0.801834 0.013233 0.019746
8 0.188800 0.521509 0.062854 0.096615
8 0.921078 0.409027 0.010397 0.015515
32 0.619802 0.035261 0.061909 0.067701
32 0.882798 0.638928 0.065217 0.071932
6 0.929584 0.628350 0.009452 0.014104
6 0.503781 0.749647 0.013233 0.019746
33 0.829868 0.950282 0.075614 0.078279
33 0.358223 0.105783 0.010397 0.015515
22 0.746219 0.849083 0.061437 0.035261
22 0.596881 0.181241 0.062382 0.080395
17 0.237713 0.325811 0.009452 0.014104
17 0.655009 0.566291 0.013233 0.019746
