B 0.294792 0.668519 0.012500 0.022222
B 0.053646 0.812963 0.011458 0.020370
7 0.333854 0.221296 0.013542 0.024074
7 0.741406 0.621296 0.052604 0.088889
A 0.527604 0.033333 0.014583 0.025926
A 0.415365 0.596296 0.073438 0.127778
M 0.728125 0.353704 0.010417 0.018519
M 0.643750 0.055093 0.037500 0.062037
W 0.860938 0.856481 0.010417 0.018519
W 0.835417 0.916667 0.013542 0.024074
D 0.214062 0.341667 0.010417 0.018519
D 0.085938 0.650926 0.014583 0.025926
Y 0.580208 0.851852 0.010417 0.018519
Y 0.409375 0.765741 0.062500 0.118519
H 0.665104 0.222222 0.013542 0.024074
H 0.554427 0.291667 0.028646 0.057407
8 0.946354 0.317593 0.014583 0.025926
8 0.783854 0.018519 0.012500 0.022222
1 0.900781 0.556481 0.057812 0.135185
1 0.910677 0.131481 0.029687 0.072222
