E 0.809011 0.184347 0.092067 0.073739
E 0.837414 0.393920 0.113614 0.190168
6 0.778648 0.787840 0.135162 0.152652
6 0.289912 0.602199 0.117532 0.146184
R 0.644466 0.694696 0.025465 0.033635
R 0.585211 0.587969 0.126347 0.081501
8 0.320274 0.825356 0.019589 0.025873
8 0.398629 0.179819 0.025465 0.033635
F 0.376592 0.884864 0.083252 0.085382
F 0.245837 0.153946 0.027424 0.036223
G 0.125857 0.408150 0.122429 0.141009
G 0.388834 0.401035 0.023506 0.031048
Q 0.265916 0.333765 0.142018 0.181113
Q 0.121939 0.595731 0.122429 0.164295
M 0.741430 0.517464 0.025465 0.033635
M 0.534770 0.655886 0.019589 0.025873
V 0.179236 0.014230 0.021548 0.028461
V 0.735553 0.354463 0.025465 0.033635
