17 0.925833 0.843168 0.020000 0.037267
17 0.236667 0.819876 0.018333 0.034161
30 0.091667 0.265528 0.016667 0.031056
30 0.449167 0.510093 0.110000 0.231366
19 0.735833 0.385093 0.065000 0.183230
19 0.402500 0.892857 0.016667 0.031056
28 0.189167 0.672360 0.016667 0.031056
28 0.502500 0.790373 0.016667 0.031056
2 0.059167 0.929348 0.058333 0.122671
2 0.899583 0.680901 0.137500 0.271739
18 0.132500 0.970497 0.016667 0.031056
18 0.646250 0.190994 0.099167 0.164596
12 0.290833 0.329969 0.125000 0.144410
12 0.023333 0.527950 0.016667 0.031056
33 0.232500 0.642857 0.016667 0.031056
33 0.777083 0.705745 0.069167 0.091615
