23 0.050588 0.661959 0.061176 0.265537
23 0.180000 0.308851 0.023529 0.037665
25 0.400000 0.174200 0.063529 0.201507
25 0.623529 0.763653 0.174118 0.216573
6 0.420000 0.559322 0.025882 0.041431
6 0.061765 0.386064 0.100000 0.165725
20 0.031765 0.086629 0.023529 0.037665
20 0.602353 0.542373 0.023529 0.037665
15 0.068235 0.182674 0.023529 0.037665
15 0.523529 0.367232 0.030588 0.048964
27 0.807059 0.579096 0.061176 0.148776
27 0.685882 0.143126 0.023529 0.037665
26 0.268824 0.347458 0.083529 0.261770
26 0.695294 0.271186 0.023529 0.037665
2 0.444706 0.525424 0.023529 0.037665
2 0.292353 0.679849 0.125882 0.199623
