18 0.324167 0.670732 0.016667 0.022173
18 0.794167 0.911308 0.023333 0.031042
24 0.078333 0.634701 0.070000 0.105322
24 0.242917 0.337029 0.102500 0.137472
25 0.681250 0.221175 0.109167 0.067627
25 0.948333 0.895787 0.016667 0.022173
19 0.026667 0.705100 0.016667 0.022173
19 0.475833 0.618625 0.016667 0.022173
4 0.197083 0.549335 0.054167 0.129712
4 0.807500 0.655211 0.016667 0.022173
12 0.022500 0.299335 0.023333 0.031042
12 0.150000 0.800443 0.085000 0.141907
14 0.738333 0.574279 0.018333 0.024390
14 0.385000 0.631375 0.101667 0.134146
21 0.882917 0.778825 0.107500 0.162971
21 0.425833 0.131929 0.016667 0.022173
13 0.408333 0.290466 0.115000 0.075388
13 0.990833 0.430155 0.016667 0.022173
