N 0.824192 0.688875 0.128306 0.169470
N 0.648384 0.534282 0.019589 0.025873
8 0.700294 0.175938 0.019589 0.025873
8 0.377081 0.941785 0.019589 0.025873
J 0.085211 0.611255 0.144956 0.076326
J 0.194907 0.847348 0.023506 0.031048
A 0.122429 0.839586 0.019589 0.025873
A 0.646425 0.125485 0.019589 0.025873
L 0.298237 0.343467 0.163565 0.200517
L 0.847209 0.228978 0.125367 0.173351
6 0.331538 0.836999 0.159647 0.165589
6 0.614104 0.490298 0.027424 0.036223
3 0.978452 0.958603 0.027424 0.036223
3 0.901077 0.477361 0.021548 0.028461
T 0.743389 0.751617 0.019589 0.025873
T 0.036239 0.122898 0.025465 0.033635
