D 0.748438 0.668750 0.100000 0.206944
D 0.561328 0.659028 0.044531 0.173611
2 0.947656 0.513194 0.101562 0.218056
2 0.485156 0.882639 0.115625 0.184722
F 0.286328 0.343056 0.107031 0.111111
F 0.386328 0.523611 0.094531 0.083333
K 0.494531 0.755556 0.017188 0.030556
K 0.485156 0.056944 0.020313 0.036111
L 0.842188 0.546528 0.056250 0.104167
L 0.115625 0.235417 0.131250 0.184722
H 0.487500 0.702778 0.018750 0.033333
H 0.107031 0.497917 0.117188 0.195833
R 0.218750 0.747222 0.115625 0.102778
R 0.814063 0.169444 0.020313 0.036111
6 0.775000 0.863889 0.015625 0.027778
6 0.544141 0.369444 0.107031 0.219444
W 0.646875 0.388889 0.081250 0.208333
W 0.721094 0.431944 0.020313 0.036111
