16 0.096196 0.242747 0.155435 0.179884
16 0.255435 0.955513 0.021739 0.038685
24 0.258152 0.659574 0.096739 0.185687
24 0.508696 0.623791 0.102174 0.222437
19 0.800000 0.354932 0.139130 0.226306
19 0.926087 0.634429 0.030435 0.054159
5 0.811413 0.817215 0.066304 0.191489
5 0.511413 0.299807 0.101087 0.282398
8 0.443478 0.214700 0.021739 0.038685
8 0.270109 0.198259 0.107609 0.276596
3 0.390217 0.483559 0.078261 0.290135
3 0.047826 0.572534 0.028261 0.050290
17 0.933152 0.807544 0.122826 0.187621
17 0.084783 0.864603 0.021739 0.038685
32 0.459783 0.812379 0.021739 0.038685
32 0.594565 0.785300 0.028261 0.050290
