Q 0.820000 0.876494 0.120000 0.095618
Q 0.270000 0.380478 0.360000 0.266932
H 0.245000 0.179283 0.120000 0.095618
H 0.715000 0.254980 0.520000 0.366534
N 0.370000 0.669323 0.100000 0.079681
5 0.895000 0.721116 0.140000 0.111554
5 0.695000 0.521912 0.140000 0.111554
7 0.590000 0.888446 0.140000 0.111554
G 0.125000 0.123506 0.100000 0.079681
P 0.655000 0.713147 0.130000 0.103586
P 0.835000 0.593625 0.100000 0.079681
A 0.535000 0.645418 0.110000 0.087649
1 0.110000 0.637450 0.100000 0.079681
1 0.080000 0.800797 0.100000 0.079681
