6 0.363000 0.769693 0.146000 0.129506
6 0.416000 0.650200 0.026000 0.034713
D 0.648000 0.184913 0.062000 0.156208
D 0.933500 0.291722 0.133000 0.145527
G 0.148000 0.335113 0.126000 0.090788
G 0.227000 0.312417 0.020000 0.026702
P 0.849000 0.072096 0.024000 0.032043
P 0.631000 0.568758 0.118000 0.210948
F 0.818500 0.715621 0.075000 0.104139
F 0.479500 0.345794 0.083000 0.122830
B 0.853000 0.425901 0.020000 0.026702
B 0.891500 0.515354 0.137000 0.096128
1 0.267000 0.552737 0.100000 0.176235
1 0.625000 0.843792 0.020000 0.026702
