D 0.579297 0.899306 0.069531 0.101389
D 0.841406 0.401389 0.018750 0.033333
8 0.940625 0.915278 0.021875 0.038889
8 0.694922 0.356944 0.127344 0.250000
M 0.485547 0.918056 0.114844 0.083333
M 0.508984 0.578472 0.041406 0.179167
S 0.602344 0.384722 0.015625 0.027778
S 0.596875 0.293056 0.015625 0.027778
0 0.879688 0.616667 0.018750 0.033333
0 0.104688 0.068056 0.020313 0.036111
P 0.563672 0.109028 0.077344 0.084722
P 0.312109 0.507639 0.122656 0.226389
1 0.754688 0.743056 0.015625 0.027778
1 0.977344 0.355556 0.018750 0.033333
R 0.320312 0.377778 0.015625 0.027778
R 0.236719 0.131944 0.015625 0.027778
