H 0.652083 0.600000 0.154167 0.237500
H 0.298611 0.187500 0.027778 0.041667
T 0.511111 0.229167 0.072222 0.204167
T 0.222917 0.173958 0.084722 0.152083
U 0.248611 0.482292 0.088889 0.281250
U 0.454167 0.545833 0.177778 0.283333
7 0.938889 0.306250 0.033333 0.050000
7 0.576389 0.377083 0.038889 0.058333
Q 0.344444 0.543750 0.030556 0.045833
Q 0.920833 0.545833 0.027778 0.041667
F 0.748611 0.927083 0.030556 0.045833
F 0.517361 0.915625 0.193056 0.160417
K 0.138889 0.776042 0.130556 0.222917
K 0.798611 0.181250 0.100000 0.183333
D 0.631944 0.091667 0.033333 0.050000
D 0.839583 0.697917 0.190278 0.195833
