G 0.211852 0.614444 0.029630 0.022222
G 0.135556 0.840556 0.140741 0.158889
6 0.690370 0.438333 0.228148 0.172222
6 0.477778 0.505000 0.114074 0.096667
4 0.600000 0.844444 0.029630 0.022222
4 0.108889 0.667778 0.105185 0.064444
D 0.262963 0.263333 0.188148 0.113333
D 0.439259 0.847222 0.271111 0.185556
Z 0.381481 0.703889 0.093333 0.065556
Z 0.714074 0.021111 0.038519 0.028889
2 0.205926 0.395556 0.038519 0.028889
2 0.442222 0.391667 0.152593 0.094444
U 0.693333 0.709444 0.121481 0.116667
U 0.943704 0.974444 0.029630 0.022222
V 0.428148 0.136667 0.035556 0.026667
V 0.761481 0.954444 0.029630 0.022222
0 0.346667 0.048889 0.038519 0.028889
0 0.860741 0.462222 0.038519 0.028889
F 0.155556 0.437778 0.029630 0.022222
F 0.692593 0.146667 0.250370 0.184444
