31 0.737844 0.603710 0.114165 0.104553
31 0.837209 0.390388 0.211416 0.102867
25 0.080338 0.527825 0.042283 0.033727
25 0.279070 0.710793 0.198732 0.214165
15 0.599366 0.386172 0.141649 0.175379
15 0.934461 0.924115 0.046512 0.037099
22 0.025370 0.779089 0.042283 0.033727
22 0.302326 0.300169 0.262156 0.188870
29 0.955603 0.052277 0.059197 0.047218
29 0.875264 0.121417 0.059197 0.047218
28 0.095137 0.586847 0.042283 0.033727
28 0.488372 0.782462 0.042283 0.033727
26 0.698732 0.838954 0.289641 0.247892
17 0.660677 0.181282 0.323467 0.190556
0 0.514799 0.601180 0.268499 0.204047
0 0.067653 0.298482 0.042283 0.033727
