0 0.277500 0.458801 0.025000 0.037453
0 0.568750 0.640449 0.135000 0.176030
33 0.267500 0.614232 0.027500 0.041199
33 0.886250 0.771536 0.032500 0.048689
11 0.242500 0.544944 0.025000 0.037453
11 0.718750 0.352996 0.135000 0.219101
17 0.946250 0.310861 0.025000 0.037453
17 0.118750 0.883895 0.032500 0.048689
8 0.870625 0.130150 0.151250 0.196629
8 0.453125 0.574906 0.086250 0.142322
3 0.285625 0.316479 0.096250 0.131086
3 0.298750 0.783708 0.140000 0.099251
2 0.356250 0.571161 0.035000 0.052434
2 0.411250 0.464419 0.030000 0.044944
