0 0.507333 0.640667 0.013333 0.013333
0 0.593333 0.746667 0.081333 0.062667
A 0.928000 0.180000 0.014667 0.014667
A 0.601667 0.607000 0.084667 0.036667
W 0.973333 0.354000 0.013333 0.013333
W 0.590333 0.873667 0.059333 0.040667
1 0.309333 0.074667 0.016000 0.016000
1 0.258667 0.580667 0.013333 0.013333
3 0.516667 0.931667 0.084000 0.034000
3 0.317000 0.149667 0.090000 0.059333
E 0.143333 0.459333 0.016000 0.016000
E 0.883333 0.806000 0.017333 0.017333
P 0.824667 0.543333 0.086667 0.065333
P 0.018667 0.967333 0.013333 0.013333
G 0.077667 0.914667 0.078000 0.045333
G 0.888667 0.710667 0.013333 0.013333
H 0.237333 0.940667 0.061333 0.053333
H 0.761333 0.804000 0.014667 0.014667
9 0.355667 0.496667 0.080667 0.078667
9 0.750000 0.184333 0.072000 0.100667
