0 0.256836 0.982422 0.019531 0.019531
0 0.600586 0.580078 0.023438 0.023438
9 0.522461 0.775391 0.021484 0.021484
9 0.513672 0.473633 0.134766 0.066406
1 0.867188 0.694336 0.019531 0.019531
1 0.935547 0.714844 0.019531 0.019531
F 0.499512 0.288086 0.063477 0.091797
F 0.617676 0.302734 0.106445 0.148438
A 0.222656 0.429688 0.089844 0.074219
A 0.248047 0.366211 0.021484 0.021484
7 0.048828 0.715820 0.027344 0.027344
7 0.553711 0.738281 0.019531 0.019531
E 0.064941 0.529297 0.104492 0.091797
E 0.858398 0.068359 0.025391 0.025391
V 0.157227 0.465820 0.025391 0.025391
V 0.335938 0.577637 0.136719 0.147461
R 0.791016 0.637695 0.021484 0.021484
R 0.933594 0.307617 0.128906 0.076172
