27 0.851438 0.896882 0.044728 0.067146
27 0.397764 0.494005 0.031949 0.047962
20 0.218850 0.589928 0.178914 0.211031
20 0.712460 0.784173 0.031949 0.047962
2 0.926518 0.462830 0.108626 0.119904
2 0.361022 0.402878 0.038339 0.057554
5 0.290735 0.429257 0.031949 0.047962
5 0.873802 0.064748 0.041534 0.062350
1 0.706070 0.028777 0.031949 0.047962
1 0.528754 0.702638 0.031949 0.047962
31 0.956869 0.177458 0.031949 0.047962
31 0.544728 0.135492 0.105431 0.146283
8 0.896166 0.709832 0.031949 0.047962
8 0.399361 0.742206 0.134185 0.357314
28 0.097444 0.764988 0.031949 0.047962
28 0.170128 0.291367 0.158147 0.247002
3 0.298722 0.083933 0.038339 0.057554
3 0.849840 0.274580 0.169329 0.203837
