X 0.402985 0.577689 0.099502 0.079681
X 0.268657 0.239044 0.109453 0.087649
R 0.721393 0.852590 0.099502 0.079681
R 0.616915 0.681275 0.109453 0.087649
4 0.920398 0.482072 0.139303 0.111554
0 0.611940 0.304781 0.457711 0.458167
0 0.074627 0.864542 0.099502 0.079681
G 0.199005 0.537849 0.099502 0.079681
G 0.179104 0.816733 0.099502 0.079681
D 0.059701 0.270916 0.099502 0.079681
D 0.398010 0.681275 0.119403 0.095618
M 0.253731 0.960159 0.099502 0.079681
M 0.890547 0.649402 0.129353 0.103586
J 0.199005 0.697211 0.099502 0.079681
J 0.208955 0.406375 0.139303 0.111554
P 0.333333 0.071713 0.099502 0.079681
