G 0.193359 0.319444 0.063281 0.202778
G 0.687109 0.140278 0.113281 0.088889
E 0.106250 0.795833 0.021875 0.038889
E 0.493750 0.620139 0.085938 0.195833
0 0.350000 0.180556 0.089063 0.113889
0 0.061328 0.665278 0.113281 0.077778
X 0.406250 0.244444 0.021875 0.038889
X 0.149219 0.486111 0.015625 0.027778
N 0.931641 0.234722 0.086719 0.122222
N 0.649219 0.551389 0.015625 0.027778
T 0.740625 0.727083 0.112500 0.104167
T 0.833594 0.311111 0.017188 0.030556
9 0.877344 0.037500 0.021875 0.038889
9 0.486719 0.248611 0.018750 0.033333
Q 0.331250 0.886111 0.021875 0.038889
Q 0.945312 0.062500 0.020313 0.036111
