Y 0.353234 0.480080 0.587065 0.593625
Y 0.786070 0.310757 0.099502 0.079681
D 0.348259 0.864542 0.099502 0.079681
5 0.651741 0.948207 0.099502 0.079681
P 0.736318 0.593625 0.099502 0.079681
P 0.751244 0.123506 0.109453 0.087649
C 0.502488 0.091633 0.099502 0.079681
4 0.154229 0.139442 0.099502 0.079681
4 0.766169 0.912351 0.119403 0.095618
V 0.875622 0.410359 0.099502 0.079681
B 0.731343 0.760956 0.129353 0.103586
B 0.850746 0.689243 0.099502 0.079681
6 0.567164 0.828685 0.129353 0.103586
6 0.124378 0.956175 0.099502 0.079681
