16 0.592667 0.368000 0.188000 0.082000
16 0.794667 0.890000 0.162667 0.132000
5 0.159333 0.825000 0.190667 0.070000
5 0.877333 0.509000 0.026667 0.020000
18 0.362667 0.379000 0.112000 0.084000
18 0.354000 0.482000 0.172000 0.074000
3 0.628000 0.631000 0.069333 0.148000
3 0.749333 0.167500 0.133333 0.147000
21 0.333333 0.169500 0.213333 0.087000
21 0.782667 0.621000 0.192000 0.120000
1 0.554667 0.825000 0.032000 0.024000
1 0.150000 0.192500 0.132000 0.141000
17 0.524000 0.052500 0.144000 0.101000
17 0.182667 0.433000 0.160000 0.114000
