C 0.465000 0.632959 0.030000 0.044944
C 0.765000 0.725655 0.175000 0.323970
V 0.585000 0.868914 0.110000 0.108614
V 0.157500 0.224719 0.032500 0.048689
H 0.907500 0.117978 0.032500 0.048689
H 0.036250 0.810861 0.025000 0.037453
X 0.565000 0.651685 0.140000 0.258427
X 0.522500 0.192884 0.025000 0.037453
3 0.802500 0.380150 0.137500 0.179775
3 0.880000 0.797753 0.025000 0.037453
F 0.913750 0.205993 0.025000 0.037453
F 0.412500 0.556180 0.025000 0.037453
U 0.225000 0.897004 0.165000 0.202247
U 0.780000 0.126404 0.107500 0.222846
M 0.381250 0.533708 0.035000 0.052434
M 0.380000 0.344569 0.165000 0.213483
N 0.245625 0.111423 0.173750 0.166667
N 0.088750 0.480337 0.132500 0.297753
6 0.281250 0.522472 0.025000 0.037453
6 0.330000 0.483146 0.025000 0.037453
