U 0.853750 0.314607 0.140000 0.232210
U 0.528750 0.768727 0.122500 0.189139
C 0.741875 0.639513 0.126250 0.294007
C 0.343750 0.043071 0.025000 0.037453
G 0.175000 0.975655 0.030000 0.044944
G 0.600000 0.419476 0.027500 0.041199
V 0.446250 0.511236 0.167500 0.232210
V 0.291250 0.310861 0.025000 0.037453
W 0.333750 0.166667 0.025000 0.037453
W 0.978750 0.307116 0.025000 0.037453
K 0.653125 0.213483 0.226250 0.307116
K 0.725000 0.814607 0.032500 0.048689
H 0.133750 0.544944 0.110000 0.265918
H 0.220000 0.960674 0.025000 0.037453
T 0.696250 0.883895 0.035000 0.052434
T 0.291875 0.801498 0.156250 0.254682
E 0.050000 0.161049 0.035000 0.052434
