X 0.662500 0.314286 0.091667 0.104762
X 0.466667 0.504762 0.083333 0.095238
J 0.129167 0.485714 0.083333 0.095238
J 0.737500 0.914286 0.083333 0.095238
N 0.381250 0.733333 0.312500 0.361905
N 0.062500 0.847619 0.083333 0.095238
3 0.087500 0.719048 0.083333 0.095238
C 0.650000 0.157143 0.083333 0.095238
C 0.425000 0.276190 0.083333 0.095238
M 0.787500 0.509524 0.083333 0.095238
M 0.604167 0.580952 0.100000 0.114286
R 0.883333 0.438095 0.083333 0.095238
R 0.908333 0.290476 0.083333 0.095238
L 0.320833 0.380952 0.091667 0.104762
L 0.079167 0.085714 0.083333 0.095238
F 0.720833 0.804762 0.083333 0.095238
A 0.216667 0.271429 0.083333 0.095238
