12 0.043333 0.473750 0.037778 0.064167
12 0.250000 0.664167 0.013333 0.020000
23 0.850556 0.272500 0.085556 0.121667
23 0.255278 0.331667 0.042778 0.120000
2 0.993333 0.480833 0.011111 0.016667
2 0.732778 0.647083 0.032222 0.124167
32 0.370278 0.072083 0.081667 0.055833
32 0.180556 0.878333 0.014444 0.021667
33 0.692778 0.077917 0.071111 0.090833
33 0.239444 0.754167 0.036667 0.063333
16 0.777778 0.925417 0.045556 0.077500
16 0.213333 0.092917 0.083333 0.120833
11 0.508056 0.050417 0.046111 0.084167
11 0.560000 0.353333 0.063333 0.086667
24 0.482778 0.818333 0.050000 0.050000
24 0.753333 0.718333 0.011111 0.016667
28 0.196667 0.163333 0.011111 0.016667
28 0.802222 0.745000 0.013333 0.020000
