K 0.733854 0.788889 0.066667 0.137037
K 0.607812 0.625000 0.014583 0.025926
F 0.301823 0.828704 0.077604 0.155556
F 0.085938 0.587037 0.014583 0.025926
D 0.466667 0.242130 0.070833 0.100926
D 0.266667 0.497222 0.061458 0.129630
8 0.350521 0.147222 0.010417 0.018519
8 0.234896 0.320370 0.066667 0.148148
4 0.680990 0.143519 0.072396 0.075926
4 0.520573 0.404167 0.073438 0.130556
X 0.033854 0.081481 0.013542 0.024074
X 0.802083 0.537037 0.010417 0.018519
7 0.080208 0.013889 0.010417 0.018519
7 0.553646 0.956481 0.013542 0.024074
9 0.781250 0.287963 0.014583 0.025926
9 0.297396 0.953704 0.012500 0.022222
