9 0.631250 0.434259 0.012500 0.022222
9 0.246615 0.730093 0.060937 0.102778
A 0.704167 0.743056 0.037500 0.121296
A 0.801042 0.661111 0.076042 0.118519
D 0.654687 0.948148 0.013542 0.024074
D 0.637500 0.488889 0.010417 0.018519
R 0.420312 0.975926 0.010417 0.018519
R 0.011979 0.186111 0.014583 0.025926
P 0.638542 0.026852 0.010417 0.018519
P 0.784375 0.263426 0.073958 0.152778
G 0.263802 0.098148 0.051562 0.094444
G 0.072396 0.651852 0.012500 0.022222
Y 0.136979 0.876852 0.071875 0.137037
Y 0.185417 0.842593 0.014583 0.025926
