31 0.165417 0.791574 0.062500 0.150776
31 0.798333 0.764967 0.120000 0.084257
15 0.408333 0.478936 0.016667 0.022173
15 0.599167 0.406319 0.120000 0.178492
19 0.861667 0.145233 0.125000 0.119734
19 0.414167 0.651885 0.020000 0.026608
3 0.710833 0.404656 0.080000 0.115299
3 0.931250 0.572062 0.052500 0.110865
9 0.332500 0.758869 0.145000 0.169623
9 0.482083 0.202328 0.114167 0.165188
29 0.636667 0.542129 0.016667 0.022173
29 0.297500 0.525499 0.021667 0.028825
21 0.612083 0.082594 0.095833 0.120843
21 0.563333 0.822062 0.096667 0.160754
2 0.892500 0.519956 0.016667 0.022173
2 0.689167 0.208426 0.041667 0.059867
