S 0.401691 0.143339 0.046512 0.037099
S 0.401691 0.559865 0.295983 0.242833
R 0.416490 0.271501 0.059197 0.047218
R 0.803383 0.615514 0.042283 0.033727
U 0.803383 0.143339 0.042283 0.033727
U 0.076110 0.146712 0.042283 0.033727
J 0.784355 0.903879 0.054968 0.043845
J 0.526427 0.188870 0.152220 0.161889
7 0.105708 0.780776 0.042283 0.033727
7 0.587738 0.790894 0.042283 0.033727
4 0.873150 0.854975 0.050740 0.040472
4 0.496829 0.779089 0.054968 0.043845
P 0.031712 0.922428 0.059197 0.047218
P 0.681818 0.878583 0.128964 0.225970
