E 0.135833 0.301242 0.018333 0.034161
E 0.865000 0.341615 0.020000 0.037267
S 0.668750 0.795031 0.109167 0.254658
S 0.157083 0.602484 0.065833 0.108696
6 0.669167 0.405280 0.116667 0.161491
6 0.796250 0.565217 0.114167 0.201863
V 0.215833 0.913043 0.016667 0.031056
V 0.075833 0.899845 0.076667 0.088509
1 0.710417 0.148292 0.122500 0.206522
1 0.449167 0.939441 0.021667 0.040373
C 0.471667 0.099379 0.016667 0.031056
C 0.760833 0.906832 0.020000 0.037267
K 0.927083 0.786491 0.117500 0.150621
K 0.514167 0.110248 0.016667 0.031056
T 0.085000 0.619565 0.018333 0.034161
T 0.360000 0.065217 0.016667 0.031056
Y 0.554167 0.065217 0.016667 0.031056
Y 0.526250 0.579969 0.100833 0.203416
