G 0.196094 0.738889 0.015625 0.027778
G 0.542969 0.627778 0.020313 0.036111
8 0.114453 0.844444 0.083594 0.116667
8 0.324219 0.607639 0.087500 0.162500
A 0.805469 0.455556 0.021875 0.038889
A 0.894141 0.822917 0.085156 0.190278
L 0.366016 0.399306 0.121094 0.212500
L 0.052344 0.594444 0.015625 0.027778
Z 0.757031 0.368056 0.092188 0.122222
Z 0.464844 0.063889 0.015625 0.027778
T 0.742969 0.470833 0.015625 0.027778
T 0.878516 0.099306 0.083594 0.176389
C 0.502344 0.105556 0.015625 0.027778
C 0.743359 0.873611 0.121094 0.205556
K 0.183594 0.637500 0.015625 0.027778
K 0.572656 0.179861 0.101562 0.193056
