H 0.133333 0.803125 0.083333 0.202083
H 0.434722 0.333333 0.194444 0.116667
D 0.416667 0.135417 0.027778 0.041667
D 0.794444 0.754167 0.027778 0.041667
B 0.718750 0.792708 0.095833 0.218750
B 0.487500 0.033333 0.027778 0.041667
6 0.351389 0.768750 0.038889 0.058333
6 0.077778 0.412500 0.122222 0.129167
W 0.601389 0.636458 0.077778 0.168750
W 0.405556 0.555208 0.183333 0.239583
9 0.788889 0.502083 0.038889 0.058333
9 0.872222 0.387500 0.122222 0.291667
3 0.540278 0.520833 0.033333 0.050000
3 0.412500 0.787500 0.027778 0.041667
X 0.711111 0.314583 0.191667 0.295833
X 0.843750 0.882292 0.154167 0.206250
0 0.104167 0.218750 0.097222 0.116667
0 0.475000 0.777083 0.038889 0.058333
V 0.043056 0.887500 0.033333 0.050000
V 0.216667 0.250000 0.027778 0.041667
