8 0.211111 0.879167 0.027778 0.041667
8 0.279167 0.137500 0.027778 0.041667
4 0.238889 0.637500 0.077778 0.245833
4 0.907639 0.394792 0.168056 0.314583
Q 0.390972 0.338542 0.090278 0.189583
Q 0.688889 0.647917 0.027778 0.041667
0 0.102778 0.167708 0.186111 0.222917
0 0.380556 0.727083 0.111111 0.200000
N 0.700694 0.845833 0.193056 0.250000
N 0.627778 0.693750 0.036111 0.054167
2 0.186111 0.320833 0.038889 0.058333
2 0.803472 0.148958 0.173611 0.152083
B 0.534722 0.489583 0.027778 0.041667
B 0.515278 0.800000 0.077778 0.300000
5 0.877778 0.742708 0.152778 0.289583
5 0.677083 0.514583 0.137500 0.187500
6 0.577083 0.234375 0.201389 0.277083
6 0.061111 0.664583 0.027778 0.041667
