27 0.511111 0.573333 0.088889 0.088889
27 0.555556 0.202222 0.275556 0.297778
5 0.146667 0.368889 0.088889 0.088889
5 0.955556 0.133333 0.088889 0.088889
23 0.822222 0.328889 0.088889 0.088889
30 0.951111 0.502222 0.088889 0.088889
30 0.211111 0.615556 0.377778 0.297778
11 0.955556 0.911111 0.088889 0.088889
12 0.186667 0.135556 0.266667 0.253333
32 0.755556 0.177778 0.088889 0.088889
32 0.053333 0.853333 0.088889 0.088889
4 0.595556 0.475556 0.088889 0.088889
4 0.413333 0.915556 0.106667 0.106667
