E 0.767391 0.577899 0.221739 0.344203
E 0.463043 0.663043 0.043478 0.072464
G 0.304348 0.478261 0.043478 0.072464
G 0.167391 0.884058 0.043478 0.072464
H 0.573913 0.134058 0.043478 0.072464
H 0.039130 0.213768 0.047826 0.079710
0 0.876087 0.789855 0.043478 0.072464
T 0.295652 0.960145 0.043478 0.072464
T 0.573913 0.050725 0.056522 0.094203
9 0.814130 0.251812 0.315217 0.307971
9 0.180435 0.164855 0.169565 0.228261
D 0.421739 0.815217 0.056522 0.094203
D 0.429348 0.326087 0.284783 0.195652
F 0.223913 0.701087 0.286957 0.235507
F 0.041304 0.666667 0.043478 0.072464
W 0.923913 0.713768 0.047826 0.079710
