6 0.595556 0.266667 0.088889 0.088889
6 0.315556 0.680000 0.382222 0.302222
18 0.333333 0.166667 0.417778 0.297778
14 0.688889 0.804444 0.088889 0.088889
14 0.871111 0.200000 0.097778 0.097778
15 0.751111 0.315556 0.124444 0.124444
15 0.857778 0.360000 0.088889 0.088889
27 0.920000 0.680000 0.124444 0.124444
27 0.666667 0.693333 0.115556 0.115556
12 0.511111 0.400000 0.124444 0.124444
20 0.057778 0.826667 0.097778 0.097778
32 0.853333 0.551111 0.088889 0.088889
19 0.600000 0.173333 0.088889 0.088889
