0 0.582222 0.555556 0.115556 0.115556
0 0.164444 0.502222 0.124444 0.124444
5 0.377778 0.188889 0.631111 0.324444
5 0.506667 0.862222 0.124444 0.124444
6 0.842222 0.353333 0.271111 0.431111
6 0.342222 0.857778 0.088889 0.088889
24 0.793333 0.820000 0.360000 0.297778
24 0.128889 0.946667 0.088889 0.088889
13 0.240000 0.631111 0.106667 0.106667
13 0.057778 0.737778 0.097778 0.097778
1 0.444444 0.582222 0.124444 0.124444
11 0.386667 0.688889 0.088889 0.088889
12 0.542222 0.706667 0.088889 0.088889
25 0.311111 0.488889 0.124444 0.124444
