30 0.529583 0.828750 0.008333 0.012500
30 0.180208 0.411562 0.021250 0.034375
11 0.237083 0.839688 0.046667 0.088125
11 0.326667 0.676250 0.044167 0.063750
27 0.758750 0.521875 0.008333 0.012500
27 0.220833 0.440625 0.008333 0.012500
9 0.101667 0.564375 0.011667 0.017500
9 0.067500 0.920000 0.031667 0.046250
16 0.774583 0.700313 0.057500 0.061875
16 0.185833 0.174687 0.040000 0.045625
17 0.469167 0.873750 0.010833 0.016250
17 0.502083 0.504375 0.057500 0.070000
15 0.562708 0.200313 0.054583 0.086875
15 0.845417 0.316875 0.028333 0.075000
14 0.707083 0.471250 0.010833 0.016250
14 0.884167 0.933125 0.011667 0.017500
