C 0.264815 0.154630 0.170370 0.135185
C 0.444444 0.220370 0.037037 0.037037
2 0.447222 0.887963 0.201852 0.105556
2 0.737037 0.957407 0.044444 0.044444
J 0.935185 0.898148 0.040741 0.040741
J 0.866667 0.776852 0.262963 0.153704
L 0.618519 0.648148 0.051852 0.051852
L 0.596296 0.451852 0.037037 0.037037
T 0.183333 0.878704 0.188889 0.209259
T 0.456481 0.724074 0.164815 0.125926
4 0.334259 0.470370 0.283333 0.144444
4 0.492593 0.116667 0.100000 0.125926
B 0.687963 0.149074 0.275926 0.138889
B 0.588889 0.351852 0.037037 0.037037
