N 0.937500 0.278125 0.080556 0.272917
N 0.244444 0.166667 0.036111 0.054167
2 0.587500 0.375000 0.077778 0.254167
2 0.441667 0.448958 0.194444 0.235417
7 0.826389 0.539583 0.027778 0.041667
7 0.720139 0.589583 0.073611 0.125000
D 0.088889 0.841667 0.177778 0.125000
D 0.261111 0.864583 0.030556 0.045833
V 0.825000 0.334375 0.136111 0.297917
V 0.206944 0.573958 0.222222 0.322917
E 0.447917 0.159375 0.201389 0.293750
E 0.969444 0.875000 0.036111 0.054167
Y 0.462500 0.597917 0.036111 0.054167
Y 0.073611 0.391667 0.030556 0.045833
0 0.578472 0.848958 0.168056 0.239583
0 0.826389 0.697917 0.119444 0.212500
Z 0.125694 0.179167 0.112500 0.241667
Z 0.666667 0.098958 0.177778 0.177083
5 0.370139 0.737500 0.101389 0.225000
