U 0.412935 0.721116 0.109453 0.087649
U 0.393035 0.223108 0.099502 0.079681
2 0.621891 0.649402 0.099502 0.079681
V 0.833333 0.842629 0.333333 0.258964
V 0.691542 0.167331 0.139303 0.111554
S 0.059701 0.250996 0.099502 0.079681
S 0.084577 0.824701 0.139303 0.111554
5 0.557214 0.171315 0.109453 0.087649
5 0.805970 0.581673 0.099502 0.079681
K 0.194030 0.203187 0.129353 0.103586
K 0.467662 0.597610 0.139303 0.111554
7 0.855721 0.095618 0.139303 0.111554
7 0.417910 0.382470 0.109453 0.087649
0 0.452736 0.063745 0.139303 0.111554
