A 0.238806 0.645418 0.139303 0.111554
A 0.619403 0.149402 0.353234 0.290837
9 0.606965 0.681275 0.099502 0.079681
9 0.398010 0.617530 0.119403 0.095618
Z 0.885572 0.709163 0.099502 0.079681
4 0.343284 0.107570 0.099502 0.079681
4 0.129353 0.167331 0.099502 0.079681
G 0.263682 0.398406 0.338308 0.302789
6 0.562189 0.494024 0.109453 0.087649
6 0.786070 0.621514 0.099502 0.079681
M 0.631841 0.334661 0.099502 0.079681
M 0.950249 0.294821 0.099502 0.079681
C 0.910448 0.430279 0.099502 0.079681
C 0.547264 0.920319 0.129353 0.103586
U 0.756219 0.800797 0.139303 0.111554
