1 0.184000 0.813000 0.020000 0.020000
1 0.825500 0.864000 0.149000 0.164000
9 0.117000 0.869500 0.122000 0.079000
9 0.614000 0.778000 0.122000 0.132000
2 0.360000 0.532000 0.126000 0.106000
2 0.545500 0.407000 0.077000 0.072000
M 0.503000 0.546500 0.150000 0.091000
M 0.890000 0.623000 0.022000 0.022000
0 0.240500 0.282000 0.085000 0.112000
0 0.346000 0.820500 0.064000 0.061000
J 0.191000 0.627000 0.062000 0.126000
J 0.445000 0.343500 0.062000 0.113000
Y 0.443500 0.923500 0.095000 0.147000
Y 0.788000 0.488500 0.106000 0.103000
U 0.643000 0.632500 0.104000 0.111000
U 0.427000 0.038000 0.020000 0.020000
Q 0.394000 0.680500 0.132000 0.161000
Q 0.159500 0.127000 0.139000 0.112000
Z 0.500500 0.471500 0.077000 0.057000
Z 0.803500 0.206000 0.115000 0.152000
