22 0.294000 0.623762 0.524000 0.475248
22 0.518000 0.230198 0.412000 0.282178
3 0.822000 0.707921 0.348000 0.544554
3 0.808000 0.128713 0.112000 0.138614
17 0.924000 0.212871 0.104000 0.128713
2 0.228000 0.950495 0.080000 0.099010
2 0.224000 0.099010 0.080000 0.099010
20 0.088000 0.217822 0.104000 0.128713
32 0.260000 0.277228 0.080000 0.099010
32 0.528000 0.930693 0.104000 0.128713
21 0.876000 0.346535 0.080000 0.099010
4 0.092000 0.089109 0.080000 0.099010
30 0.392000 0.910891 0.080000 0.099010
30 0.764000 0.282178 0.080000 0.099010
