Y 0.938802 0.659259 0.065104 0.111111
Y 0.442448 0.882407 0.069271 0.046296
L 0.800260 0.879167 0.060937 0.100926
L 0.753646 0.137037 0.010417 0.018519
V 0.616146 0.587500 0.076042 0.062037
V 0.788542 0.302778 0.010417 0.018519
S 0.640885 0.208796 0.061979 0.121296
S 0.832031 0.648148 0.072396 0.114815
X 0.495833 0.458333 0.010417 0.018519
X 0.370052 0.767130 0.045312 0.084259
4 0.900781 0.491667 0.028646 0.061111
4 0.319792 0.516667 0.010417 0.018519
F 0.091927 0.490278 0.036979 0.136111
F 0.223958 0.272222 0.081250 0.144444
Z 0.252865 0.450926 0.078646 0.122222
Z 0.043490 0.200463 0.070312 0.130556
2 0.316406 0.929167 0.073438 0.080556
2 0.573958 0.081481 0.014583 0.025926
