K 0.181818 0.497470 0.054968 0.043845
K 0.484144 0.047218 0.042283 0.033727
A 0.691332 0.290051 0.059197 0.047218
A 0.347780 0.621417 0.230444 0.193929
N 0.659619 0.809444 0.350951 0.219224
N 0.143763 0.875211 0.042283 0.033727
0 0.541226 0.404722 0.054968 0.043845
0 0.607822 0.545531 0.158562 0.170320
9 0.799154 0.374368 0.143763 0.114671
9 0.936575 0.094435 0.046512 0.037099
J 0.776956 0.102867 0.150106 0.121417
J 0.374207 0.244519 0.042283 0.033727
E 0.392178 0.343170 0.243129 0.160202
E 0.926004 0.817875 0.105708 0.225970
R 0.262156 0.074199 0.046512 0.037099
R 0.175476 0.645868 0.050740 0.040472
Y 0.198732 0.392917 0.059197 0.047218
Y 0.025370 0.128162 0.046512 0.037099
