8 0.066146 0.371296 0.010417 0.018519
8 0.906771 0.520370 0.014583 0.025926
31 0.154948 0.275926 0.058854 0.098148
31 0.198698 0.094444 0.073438 0.112963
0 0.110937 0.825000 0.010417 0.018519
0 0.939844 0.283333 0.058854 0.129630
7 0.306510 0.322685 0.033854 0.134259
7 0.608594 0.942130 0.041146 0.076852
24 0.191667 0.720370 0.014583 0.025926
24 0.873698 0.239815 0.068229 0.064815
19 0.517188 0.364815 0.010417 0.018519
19 0.925521 0.187963 0.010417 0.018519
28 0.773438 0.254630 0.011458 0.020370
28 0.765625 0.047222 0.013542 0.024074
