A 0.169442 0.360931 0.019589 0.025873
A 0.972576 0.446313 0.025465 0.033635
J 0.088149 0.363519 0.133203 0.194049
J 0.251224 0.518758 0.151812 0.204398
B 0.304603 0.258732 0.019589 0.025873
B 0.113614 0.835058 0.058766 0.146184
X 0.753183 0.945666 0.019589 0.025873
X 0.756611 0.136481 0.063663 0.099612
0 0.296768 0.178525 0.027424 0.036223
0 0.157689 0.063389 0.019589 0.025873
S 0.812439 0.873868 0.126347 0.084088
S 0.787463 0.949547 0.027424 0.036223
P 0.694907 0.508409 0.138100 0.152652
P 0.844270 0.622898 0.101861 0.156533
