V 0.860667 0.623333 0.013333 0.013333
V 0.791667 0.469333 0.102000 0.050667
N 0.951667 0.060000 0.072667 0.068000
N 0.692333 0.103333 0.080667 0.101333
X 0.179333 0.161333 0.013333 0.013333
X 0.512000 0.939667 0.086667 0.083333
U 0.569333 0.873333 0.013333 0.013333
U 0.690667 0.564000 0.016000 0.016000
8 0.811333 0.604000 0.016000 0.016000
8 0.071000 0.645000 0.064667 0.071333
S 0.198000 0.902000 0.013333 0.013333
S 0.098667 0.954333 0.058667 0.046000
G 0.351000 0.876333 0.078000 0.078000
G 0.676667 0.544000 0.013333 0.013333
