14 0.081176 0.408663 0.023529 0.037665
14 0.150588 0.386064 0.023529 0.037665
18 0.035294 0.559322 0.023529 0.037665
18 0.230588 0.541431 0.131765 0.111111
6 0.628824 0.856874 0.114118 0.210923
6 0.198235 0.301318 0.111765 0.112994
4 0.222353 0.886064 0.115294 0.224105
4 0.105882 0.126177 0.030588 0.048964
32 0.417647 0.108286 0.098824 0.205273
32 0.780588 0.487759 0.172941 0.165725
3 0.504706 0.726930 0.023529 0.037665
3 0.469412 0.595104 0.124706 0.105461
8 0.594706 0.151601 0.175294 0.235405
8 0.050588 0.740113 0.030588 0.048964
