0 0.836296 0.872778 0.208889 0.121111
0 0.143704 0.257778 0.275556 0.208889
5 0.634815 0.871111 0.182222 0.173333
5 0.348148 0.904444 0.186667 0.133333
22 0.845926 0.798889 0.029630 0.022222
22 0.505185 0.471667 0.260741 0.198889
9 0.407407 0.785556 0.038519 0.028889
9 0.410370 0.724444 0.032593 0.024444
6 0.188148 0.438889 0.029630 0.022222
6 0.193333 0.080000 0.137778 0.111111
7 0.795556 0.032222 0.029630 0.022222
7 0.071111 0.662222 0.035556 0.026667
31 0.410370 0.148333 0.195556 0.150000
31 0.859259 0.640000 0.029630 0.022222
14 0.207407 0.756667 0.168889 0.115556
14 0.875556 0.494444 0.038519 0.028889
4 0.764444 0.267222 0.094815 0.138889
4 0.642963 0.667778 0.097778 0.162222
