32 0.230588 0.425612 0.089412 0.267420
32 0.356471 0.453861 0.028235 0.045198
18 0.757647 0.798493 0.028235 0.045198
18 0.612353 0.601695 0.102353 0.111111
21 0.824706 0.523540 0.082353 0.195857
21 0.558235 0.343691 0.118824 0.212806
33 0.721176 0.069680 0.028235 0.045198
33 0.136471 0.129944 0.023529 0.037665
10 0.535294 0.832392 0.176471 0.259887
10 0.044706 0.406780 0.023529 0.037665
14 0.153529 0.746704 0.144706 0.227872
14 0.591765 0.502825 0.023529 0.037665
30 0.327059 0.847458 0.023529 0.037665
30 0.448235 0.580038 0.152941 0.192090
13 0.235294 0.158192 0.129412 0.188324
13 0.855294 0.799435 0.157647 0.224105
17 0.882353 0.217514 0.200000 0.325800
17 0.429412 0.147834 0.131765 0.242938
8 0.556471 0.073446 0.115294 0.135593
8 0.949412 0.532957 0.094118 0.207156
