B 0.784167 0.393570 0.023333 0.031042
B 0.572917 0.365854 0.107500 0.130820
8 0.921250 0.668514 0.110833 0.133038
8 0.138333 0.156319 0.016667 0.022173
Q 0.748333 0.554878 0.136667 0.182927
Q 0.898333 0.289357 0.016667 0.022173
3 0.927500 0.904656 0.016667 0.022173
3 0.280833 0.640244 0.050000 0.162971
X 0.917500 0.393570 0.020000 0.026608
X 0.149583 0.715632 0.129167 0.105322
V 0.450833 0.116408 0.105000 0.110865
V 0.145833 0.309313 0.023333 0.031042
5 0.145833 0.962306 0.023333 0.031042
5 0.781667 0.211752 0.016667 0.022173
Y 0.042917 0.926829 0.085833 0.146341
Y 0.259583 0.402993 0.107500 0.103104
