28 0.501953 0.399414 0.019531 0.019531
28 0.138672 0.398438 0.021484 0.021484
15 0.461914 0.849609 0.023438 0.023438
15 0.576172 0.024414 0.019531 0.019531
0 0.377441 0.582520 0.165039 0.125977
0 0.903809 0.180664 0.120117 0.150391
3 0.009766 0.263672 0.019531 0.019531
3 0.072266 0.368164 0.023438 0.023438
5 0.192871 0.831543 0.153320 0.141602
5 0.423340 0.323730 0.084961 0.145508
25 0.352051 0.085449 0.139648 0.145508
25 0.749023 0.261719 0.019531 0.019531
11 0.730469 0.498535 0.056641 0.116211
11 0.600098 0.229492 0.084961 0.107422
6 0.635742 0.472168 0.123047 0.124023
6 0.388184 0.788574 0.118164 0.096680
4 0.069336 0.219727 0.027344 0.027344
4 0.937500 0.749023 0.099609 0.099609
