M 0.702333 0.640000 0.080667 0.082667
M 0.347667 0.387000 0.120667 0.123333
Q 0.703667 0.767000 0.034000 0.072667
Q 0.326333 0.950333 0.056667 0.059333
G 0.537333 0.158000 0.013333 0.013333
G 0.611333 0.163667 0.078667 0.068667
S 0.670333 0.471333 0.071333 0.072000
S 0.508000 0.119333 0.016000 0.016000
J 0.550333 0.954333 0.092667 0.035333
J 0.162000 0.653333 0.061333 0.049333
3 0.371333 0.781333 0.093333 0.084000
3 0.154333 0.345667 0.075333 0.100667
D 0.604000 0.901333 0.017333 0.017333
D 0.462000 0.816000 0.058667 0.100000
W 0.351333 0.185333 0.013333 0.013333
W 0.934000 0.682667 0.013333 0.013333
5 0.909333 0.224667 0.013333 0.013333
5 0.774000 0.495667 0.097333 0.082000
