A 0.682129 0.454861 0.102539 0.131944
A 0.127930 0.331597 0.019531 0.034722
J 0.413086 0.480903 0.019531 0.034722
J 0.280273 0.885417 0.027344 0.048611
F 0.234375 0.704861 0.025391 0.045139
F 0.902344 0.977431 0.019531 0.034722
G 0.442383 0.687500 0.019531 0.034722
G 0.724609 0.833333 0.052734 0.138889
9 0.154297 0.210069 0.019531 0.034722
9 0.934570 0.914931 0.019531 0.034722
D 0.602539 0.223958 0.019531 0.034722
D 0.613281 0.699653 0.025391 0.045139
2 0.500000 0.543403 0.095703 0.225694
2 0.461426 0.167535 0.120117 0.230903
Y 0.536133 0.338542 0.019531 0.034722
Y 0.624023 0.901042 0.027344 0.048611
