Z 0.960165 0.101236 0.027473 0.015456
Z 0.122253 0.051777 0.096154 0.064915
P 0.472527 0.531685 0.189560 0.109737
P 0.236264 0.890263 0.203297 0.075734
T 0.688187 0.077666 0.142857 0.084235
T 0.166896 0.348532 0.160714 0.068006
9 0.031593 0.974498 0.027473 0.015456
9 0.978022 0.131376 0.027473 0.015456
X 0.818681 0.820711 0.038462 0.021638
X 0.969780 0.690881 0.027473 0.015456
B 0.510989 0.106646 0.027473 0.015456
B 0.017857 0.187017 0.032967 0.018547
W 0.278846 0.168083 0.118132 0.078053
W 0.197802 0.965224 0.096154 0.054096
