5 0.642173 0.224221 0.210863 0.290168
5 0.417732 0.471223 0.202875 0.203837
9 0.403355 0.761391 0.199681 0.218225
9 0.175719 0.606715 0.041534 0.062350
V 0.842652 0.655875 0.250799 0.237410
V 0.123003 0.197842 0.108626 0.208633
Q 0.089457 0.362110 0.031949 0.047962
Q 0.296326 0.203837 0.193291 0.206235
J 0.886581 0.279376 0.182109 0.338129
J 0.337061 0.038369 0.031949 0.047962
P 0.391374 0.033573 0.031949 0.047962
P 0.187700 0.791367 0.164537 0.287770
X 0.708466 0.925659 0.132588 0.143885
X 0.619808 0.043165 0.031949 0.047962
F 0.554313 0.455635 0.041534 0.062350
F 0.623802 0.721823 0.138978 0.263789
