F 0.158798 0.224762 0.114449 0.160000
F 0.845494 0.049524 0.028612 0.038095
3 0.586552 0.168571 0.163090 0.211429
3 0.467811 0.049524 0.037196 0.049524
4 0.452790 0.445714 0.144492 0.175238
4 0.643062 0.397143 0.135908 0.188571
H 0.373391 0.099048 0.028612 0.038095
H 0.908441 0.399048 0.160229 0.249524
5 0.533619 0.722857 0.185980 0.287619
5 0.955651 0.100952 0.028612 0.038095
K 0.135908 0.662857 0.028612 0.038095
K 0.892704 0.693333 0.183119 0.224762
Q 0.729614 0.424762 0.028612 0.038095
Q 0.819742 0.973333 0.031474 0.041905
