23 0.574074 0.488889 0.040741 0.040741
23 0.425926 0.068519 0.044444 0.044444
0 0.228704 0.797222 0.342593 0.357407
0 0.431481 0.296296 0.044444 0.044444
22 0.307407 0.387037 0.048148 0.048148
22 0.640741 0.751852 0.040741 0.040741
13 0.736111 0.830556 0.194444 0.094444
13 0.194444 0.581481 0.051852 0.051852
29 0.870370 0.324074 0.051852 0.051852
29 0.912037 0.606481 0.164815 0.235185
26 0.800000 0.896296 0.037037 0.037037
26 0.321296 0.172222 0.164815 0.188889
5 0.818519 0.455556 0.051852 0.051852
5 0.686111 0.593519 0.131481 0.238889
