9 0.133192 0.558179 0.109937 0.165261
9 0.928118 0.070826 0.042283 0.033727
7 0.274841 0.807757 0.042283 0.033727
7 0.331924 0.397976 0.147992 0.185497
0 0.604651 0.731029 0.334038 0.274874
0 0.604651 0.372681 0.059197 0.047218
E 0.826638 0.021922 0.046512 0.037099
E 0.342495 0.853288 0.054968 0.043845
K 0.230444 0.148398 0.384778 0.276560
K 0.350951 0.784148 0.059197 0.047218
6 0.686047 0.245363 0.285412 0.180438
6 0.164905 0.780776 0.156448 0.128162
T 0.219873 0.888702 0.042283 0.033727
T 0.498943 0.959528 0.042283 0.033727
