E 0.105469 0.467014 0.019531 0.034722
E 0.152832 0.196181 0.108398 0.236111
Z 0.349609 0.399306 0.113281 0.229167
Z 0.249023 0.873264 0.019531 0.034722
J 0.491211 0.586806 0.019531 0.034722
J 0.654785 0.269965 0.137695 0.175347
1 0.876953 0.467014 0.138672 0.173611
1 0.623047 0.763889 0.021484 0.038194
2 0.357422 0.092014 0.019531 0.034722
2 0.778320 0.769965 0.082031 0.151042
H 0.111328 0.718750 0.123047 0.090278
H 0.663086 0.508681 0.019531 0.034722
Y 0.292969 0.706597 0.107422 0.277778
Y 0.125000 0.402778 0.023438 0.041667
