8 0.591111 0.760000 0.124444 0.124444
8 0.951111 0.186667 0.088889 0.088889
F 0.368889 0.075556 0.088889 0.088889
F 0.884444 0.644444 0.124444 0.124444
1 0.251111 0.675556 0.502222 0.640000
1 0.675556 0.386667 0.088889 0.088889
0 0.840000 0.862222 0.088889 0.088889
W 0.693333 0.200000 0.328889 0.231111
W 0.564444 0.475556 0.097778 0.097778
7 0.951111 0.053333 0.088889 0.088889
7 0.328889 0.240000 0.088889 0.088889
X 0.920000 0.768889 0.088889 0.088889
6 0.640000 0.866667 0.088889 0.088889
6 0.702222 0.706667 0.088889 0.088889
