1 0.225625 0.785938 0.029583 0.079375
1 0.711458 0.585000 0.057083 0.072500
G 0.066875 0.246563 0.026250 0.036875
G 0.680833 0.056250 0.052500 0.031250
A 0.506250 0.435000 0.065833 0.105000
A 0.797500 0.912500 0.010833 0.016250
Q 0.757708 0.464062 0.047917 0.080625
Q 0.112083 0.681250 0.048333 0.095000
8 0.706667 0.977500 0.010000 0.015000
8 0.034375 0.431250 0.047917 0.055000
W 0.325000 0.942500 0.033333 0.090000
W 0.638750 0.710000 0.008333 0.012500
J 0.805000 0.355000 0.008333 0.012500
J 0.030000 0.808125 0.008333 0.012500
