7 0.311111 0.508889 0.613333 0.608889
U 0.244444 0.106667 0.115556 0.115556
U 0.915556 0.177778 0.097778 0.097778
Z 0.182222 0.897778 0.124444 0.124444
Z 0.453333 0.915556 0.124444 0.124444
J 0.782222 0.684444 0.124444 0.124444
J 0.680000 0.408889 0.115556 0.115556
P 0.884444 0.315556 0.088889 0.088889
P 0.644444 0.142222 0.124444 0.124444
6 0.386667 0.053333 0.088889 0.088889
6 0.782222 0.102222 0.124444 0.124444
M 0.915556 0.480000 0.115556 0.115556
5 0.671111 0.733333 0.097778 0.097778
5 0.097778 0.075556 0.088889 0.088889
0 0.577778 0.875556 0.124444 0.124444
