F 0.722843 0.286571 0.119808 0.227818
F 0.515974 0.450839 0.038339 0.057554
G 0.075080 0.798561 0.035144 0.052758
G 0.223642 0.130695 0.156550 0.227818
J 0.780351 0.516787 0.199681 0.194245
J 0.772364 0.832134 0.186901 0.139089
6 0.317093 0.806954 0.174121 0.371703
6 0.575879 0.824940 0.183706 0.321343
K 0.323482 0.461631 0.161342 0.280576
K 0.472843 0.395683 0.044728 0.067146
R 0.107029 0.664269 0.140575 0.215827
R 0.500000 0.177458 0.041534 0.062350
N 0.800319 0.199041 0.031949 0.047962
V 0.925719 0.351319 0.091054 0.285372
V 0.332268 0.189448 0.031949 0.047962
S 0.431310 0.822542 0.041534 0.062350
S 0.805112 0.318945 0.041534 0.062350
