14 0.490050 0.860558 0.691542 0.239044
14 0.850746 0.661355 0.099502 0.079681
27 0.467662 0.324701 0.786070 0.593625
27 0.104478 0.689243 0.099502 0.079681
33 0.452736 0.685259 0.139303 0.111554
33 0.084577 0.884462 0.099502 0.079681
31 0.925373 0.370518 0.119403 0.095618
22 0.930348 0.884462 0.129353 0.103586
22 0.910448 0.776892 0.129353 0.103586
10 0.920398 0.231076 0.119403 0.095618
29 0.253731 0.661355 0.099502 0.079681
29 0.920398 0.079681 0.099502 0.079681
15 0.930348 0.505976 0.099502 0.079681
