4 0.621582 0.390764 0.143555 0.099467
4 0.453125 0.873890 0.027344 0.049734
27 0.405762 0.735346 0.110352 0.177620
27 0.164062 0.239787 0.019531 0.035524
30 0.517578 0.216696 0.027344 0.049734
30 0.208008 0.694494 0.021484 0.039076
32 0.978516 0.969805 0.019531 0.035524
32 0.553711 0.666075 0.027344 0.049734
22 0.135742 0.770870 0.068359 0.174067
22 0.770020 0.708703 0.118164 0.266430
14 0.040039 0.856128 0.019531 0.035524
14 0.614746 0.137655 0.124023 0.218472
33 0.476562 0.458259 0.080078 0.216696
33 0.238770 0.401421 0.124023 0.216696
