6 0.557778 0.597778 0.626667 0.315556
6 0.937778 0.271111 0.088889 0.088889
0 0.880000 0.897778 0.088889 0.088889
0 0.475556 0.177778 0.622222 0.266667
S 0.742222 0.911111 0.088889 0.088889
B 0.355556 0.933333 0.106667 0.106667
C 0.413333 0.826667 0.088889 0.088889
C 0.053333 0.546667 0.088889 0.088889
2 0.875556 0.120000 0.088889 0.088889
Q 0.088889 0.875556 0.088889 0.088889
8 0.097778 0.684444 0.106667 0.106667
8 0.084444 0.240000 0.124444 0.124444
D 0.195556 0.817778 0.115556 0.115556
D 0.324444 0.373333 0.115556 0.115556
A 0.137778 0.417778 0.088889 0.088889
A 0.528889 0.373333 0.124444 0.124444
