32 0.962891 0.791016 0.021484 0.021484
32 0.840332 0.900391 0.073242 0.066406
28 0.305664 0.807129 0.162109 0.122070
28 0.292969 0.455078 0.019531 0.019531
13 0.556641 0.922852 0.019531 0.019531
13 0.505859 0.704102 0.023438 0.023438
27 0.408203 0.672363 0.117188 0.094727
27 0.399414 0.221680 0.019531 0.019531
30 0.575195 0.387207 0.097656 0.084961
30 0.459961 0.843750 0.123047 0.146484
22 0.904785 0.302246 0.108398 0.084961
22 0.316895 0.090332 0.129883 0.112305
16 0.641602 0.642578 0.177734 0.179688
16 0.770020 0.334961 0.155273 0.142578
25 0.613281 0.264648 0.099609 0.062500
25 0.069336 0.690918 0.103516 0.135742
