30 0.714286 0.598918 0.030220 0.017002
30 0.425824 0.845440 0.035714 0.020093
3 0.413462 0.059119 0.156593 0.039413
3 0.785714 0.224884 0.225275 0.132921
22 0.092033 0.743431 0.027473 0.015456
22 0.775412 0.404560 0.149725 0.115147
15 0.744505 0.544436 0.208791 0.074961
15 0.920330 0.638331 0.027473 0.015456
28 0.829670 0.764683 0.137363 0.067233
28 0.520604 0.734930 0.027473 0.015456
25 0.884615 0.883308 0.032967 0.018547
25 0.188874 0.762751 0.146978 0.095827
12 0.391484 0.636785 0.027473 0.015456
12 0.655220 0.101236 0.032967 0.018547
