9 0.241304 0.239845 0.030435 0.054159
9 0.398913 0.036750 0.026087 0.046422
C 0.514130 0.065764 0.021739 0.038685
C 0.693478 0.686654 0.021739 0.038685
7 0.598913 0.367505 0.021739 0.038685
7 0.672826 0.355899 0.021739 0.038685
D 0.913043 0.241779 0.021739 0.038685
D 0.285870 0.765957 0.021739 0.038685
L 0.204348 0.352031 0.021739 0.038685
L 0.884239 0.602515 0.144565 0.249516
S 0.390217 0.237911 0.023913 0.042553
S 0.089674 0.698259 0.146739 0.166344
F 0.054348 0.191489 0.021739 0.038685
F 0.844565 0.825919 0.030435 0.054159
