L 0.393750 0.600000 0.145833 0.233333
L 0.040278 0.616667 0.036111 0.054167
7 0.862500 0.620833 0.197222 0.304167
7 0.651389 0.511458 0.111111 0.185417
X 0.490972 0.238542 0.073611 0.281250
X 0.386111 0.937500 0.033333 0.050000
P 0.138889 0.839583 0.027778 0.041667
P 0.650000 0.645833 0.027778 0.041667
E 0.247222 0.741667 0.033333 0.050000
E 0.554167 0.325000 0.030556 0.045833
T 0.773611 0.091667 0.038889 0.058333
T 0.315278 0.185417 0.166667 0.329167
K 0.147917 0.100000 0.115278 0.187500
K 0.681944 0.869792 0.194444 0.160417
Q 0.719444 0.222917 0.027778 0.041667
Q 0.840278 0.250000 0.038889 0.058333
W 0.161111 0.664583 0.038889 0.058333
W 0.118056 0.363542 0.180556 0.272917
