10 0.626667 0.424444 0.613333 0.653333
23 0.168889 0.586667 0.115556 0.115556
23 0.124444 0.462222 0.088889 0.088889
13 0.524444 0.951111 0.088889 0.088889
24 0.244444 0.297778 0.115556 0.115556
32 0.791111 0.884444 0.106667 0.106667
32 0.137778 0.182222 0.106667 0.106667
4 0.222222 0.822222 0.124444 0.124444
22 0.093333 0.320000 0.124444 0.124444
22 0.053333 0.822222 0.088889 0.088889
15 0.435556 0.813333 0.106667 0.106667
27 0.582222 0.822222 0.115556 0.115556
18 0.253333 0.191111 0.088889 0.088889
18 0.337778 0.813333 0.088889 0.088889
