3 0.514648 0.960177 0.009766 0.014749
3 0.655762 0.081858 0.009766 0.014749
L 0.398438 0.855457 0.009766 0.014749
L 0.086914 0.289454 0.069336 0.053835
6 0.109863 0.939897 0.074219 0.106932
6 0.481689 0.376106 0.072754 0.072271
4 0.936035 0.564159 0.009766 0.014749
4 0.846191 0.382006 0.012695 0.019174
H 0.454590 0.079646 0.010742 0.016224
H 0.700195 0.073009 0.009766 0.014749
S 0.879395 0.692478 0.009766 0.014749
S 0.038086 0.530236 0.012695 0.019174
P 0.260986 0.433997 0.058105 0.089233
P 0.815918 0.426254 0.009766 0.014749
N 0.019043 0.323378 0.038086 0.102507
N 0.913574 0.033186 0.010742 0.016224
5 0.335693 0.639381 0.057129 0.057522
5 0.308105 0.594395 0.013672 0.020649
K 0.518311 0.198746 0.064941 0.102507
K 0.867676 0.935841 0.010742 0.016224
