9 0.180978 0.882979 0.059783 0.230174
9 0.843478 0.193424 0.030435 0.054159
4 0.493478 0.657640 0.197826 0.352031
4 0.935870 0.342360 0.030435 0.054159
0 0.932609 0.195358 0.021739 0.038685
0 0.807065 0.610251 0.070652 0.172147
8 0.715217 0.295938 0.156522 0.208897
8 0.413043 0.249516 0.021739 0.038685
5 0.025000 0.924565 0.021739 0.038685
5 0.185326 0.560928 0.114130 0.274662
B 0.303804 0.866538 0.127174 0.251451
B 0.305978 0.556093 0.101087 0.299807
C 0.898913 0.819149 0.147826 0.179884
C 0.766304 0.048356 0.021739 0.038685
