Q 0.607552 0.444444 0.051562 0.092593
Q 0.369271 0.380556 0.011458 0.020370
K 0.054167 0.581481 0.060417 0.107407
K 0.496615 0.398611 0.065104 0.099074
W 0.611979 0.512963 0.014583 0.025926
W 0.667708 0.069907 0.041667 0.078704
L 0.485937 0.782407 0.014583 0.025926
L 0.547917 0.796296 0.043750 0.107407
1 0.455729 0.127315 0.068750 0.097222
1 0.615625 0.617593 0.010417 0.018519
S 0.129167 0.081944 0.067708 0.119444
S 0.674479 0.682407 0.014583 0.025926
C 0.079167 0.774537 0.037500 0.139815
C 0.726562 0.126852 0.012500 0.022222
5 0.906250 0.065278 0.045833 0.126852
5 0.229167 0.206481 0.010417 0.018519
Y 0.323958 0.483333 0.010417 0.018519
Y 0.723437 0.983333 0.010417 0.018519
E 0.695833 0.581481 0.010417 0.018519
E 0.415365 0.255556 0.072396 0.068519
