B 0.740000 0.357778 0.093333 0.142222
B 0.765926 0.647222 0.091852 0.165556
S 0.643704 0.819444 0.241481 0.170000
S 0.768889 0.117778 0.041481 0.031111
3 0.212593 0.955000 0.140741 0.074444
3 0.511852 0.175000 0.188148 0.123333
K 0.148889 0.275556 0.090370 0.111111
K 0.699259 0.167778 0.029630 0.022222
H 0.461481 0.629444 0.161481 0.121111
H 0.911111 0.086667 0.029630 0.022222
J 0.260000 0.442222 0.143704 0.124444
J 0.395556 0.919444 0.225185 0.161111
1 0.863704 0.833333 0.038519 0.028889
1 0.771852 0.203333 0.029630 0.022222
D 0.518519 0.422222 0.032593 0.024444
D 0.616296 0.037778 0.038519 0.028889
