G 0.303636 0.884709 0.090909 0.177184
G 0.669091 0.330097 0.040000 0.053398
0 0.295455 0.445388 0.249091 0.337379
0 0.708182 0.861650 0.190909 0.194175
Y 0.177273 0.129854 0.129091 0.240291
Y 0.556364 0.485437 0.229091 0.247573
E 0.116364 0.349515 0.036364 0.048544
E 0.853636 0.286408 0.267273 0.402913
A 0.114545 0.825243 0.214545 0.262136
A 0.040000 0.580097 0.050909 0.067961
B 0.525455 0.766990 0.043636 0.058252
B 0.911818 0.661408 0.140000 0.288835
5 0.814545 0.684466 0.043636 0.058252
5 0.398182 0.157767 0.269091 0.218447
Q 0.322727 0.717233 0.180000 0.157767
V 0.036364 0.254854 0.036364 0.048544
V 0.789091 0.053398 0.036364 0.048544
