16 0.466304 0.760155 0.026087 0.046422
16 0.179891 0.464217 0.127174 0.100580
2 0.051087 0.371373 0.060870 0.177950
2 0.303261 0.191489 0.030435 0.054159
9 0.533696 0.504836 0.021739 0.038685
9 0.229348 0.760155 0.065217 0.235977
11 0.621196 0.545455 0.151087 0.147002
11 0.044565 0.201161 0.028261 0.050290
24 0.889674 0.281431 0.107609 0.234043
24 0.132609 0.736944 0.021739 0.038685
5 0.107609 0.050290 0.021739 0.038685
5 0.749457 0.349130 0.127174 0.187621
17 0.415761 0.227273 0.133696 0.148936
17 0.635870 0.242747 0.080435 0.141199
13 0.273913 0.566731 0.021739 0.038685
13 0.943478 0.959381 0.021739 0.038685
19 0.766848 0.841393 0.155435 0.274662
19 0.651087 0.129594 0.021739 0.038685
