1 0.289137 0.223022 0.035144 0.052758
1 0.837859 0.557554 0.087859 0.179856
R 0.186901 0.796163 0.044728 0.067146
R 0.606230 0.635492 0.250799 0.230216
7 0.123003 0.832134 0.031949 0.047962
7 0.244409 0.177458 0.041534 0.062350
U 0.298722 0.282974 0.031949 0.047962
U 0.418530 0.107914 0.041534 0.062350
Z 0.615016 0.220624 0.153355 0.225420
Z 0.113419 0.402878 0.031949 0.047962
9 0.217252 0.616307 0.111821 0.134293
9 0.897764 0.824940 0.031949 0.047962
V 0.386581 0.486811 0.143770 0.340528
V 0.836262 0.148681 0.257188 0.282974
W 0.258786 0.479616 0.038339 0.057554
W 0.819489 0.781775 0.044728 0.067146
4 0.086262 0.709832 0.044728 0.067146
4 0.747604 0.815348 0.031949 0.047962
