6 0.314074 0.928889 0.029630 0.022222
6 0.554074 0.444444 0.029630 0.022222
23 0.447407 0.457222 0.165926 0.174444
23 0.797037 0.781111 0.029630 0.022222
20 0.451852 0.221667 0.139259 0.081111
20 0.195556 0.585556 0.157037 0.113333
33 0.807407 0.186667 0.207407 0.097778
33 0.056296 0.838889 0.029630 0.022222
31 0.113333 0.317778 0.182222 0.182222
31 0.652593 0.596111 0.122963 0.063333
14 0.665185 0.363333 0.160000 0.140000
14 0.779259 0.663333 0.029630 0.022222
11 0.331852 0.422222 0.032593 0.024444
11 0.825185 0.742222 0.041481 0.031111
13 0.402963 0.320000 0.032593 0.024444
13 0.243704 0.051667 0.188148 0.092222
16 0.051852 0.685556 0.038519 0.028889
16 0.248148 0.851667 0.152593 0.130000
