8 0.840833 0.654299 0.118333 0.076561
8 0.368333 0.881037 0.166667 0.171967
28 0.418333 0.205536 0.110000 0.135453
28 0.088333 0.044759 0.033333 0.023557
23 0.068333 0.643110 0.033333 0.023557
23 0.627500 0.186101 0.218333 0.129564
33 0.403333 0.020024 0.036667 0.025913
33 0.450833 0.736749 0.248333 0.088339
25 0.614167 0.894582 0.168333 0.168433
25 0.236667 0.702002 0.033333 0.023557
1 0.338333 0.389870 0.043333 0.030624
1 0.566667 0.269729 0.043333 0.030624
0 0.494167 0.376325 0.125000 0.062426
0 0.349167 0.591284 0.151667 0.070671
30 0.786667 0.911661 0.036667 0.025913
30 0.743333 0.410483 0.250000 0.097762
32 0.696667 0.589517 0.160000 0.074205
32 0.849167 0.133687 0.195000 0.109541
6 0.275000 0.391048 0.046667 0.032980
6 0.555000 0.542992 0.090000 0.167256
