T 0.126087 0.351449 0.047826 0.079710
T 0.697826 0.449275 0.156522 0.471014
K 0.165217 0.702899 0.043478 0.072464
K 0.954348 0.039855 0.043478 0.072464
B 0.271739 0.786232 0.043478 0.072464
B 0.563043 0.844203 0.052174 0.086957
P 0.439130 0.199275 0.047826 0.079710
F 0.863043 0.829710 0.043478 0.072464
F 0.278261 0.125000 0.191304 0.242754
4 0.860870 0.086957 0.060870 0.101449
4 0.876087 0.550725 0.134783 0.413043
8 0.065217 0.913043 0.047826 0.079710
8 0.210870 0.409420 0.043478 0.072464
X 0.491304 0.512681 0.113043 0.452899
