G 0.398235 0.385122 0.130588 0.269303
G 0.737647 0.608286 0.023529 0.037665
W 0.475294 0.079096 0.023529 0.037665
W 0.860000 0.205273 0.032941 0.052731
C 0.035294 0.195857 0.023529 0.037665
C 0.211765 0.691149 0.025882 0.041431
R 0.761765 0.211864 0.125882 0.276836
R 0.249412 0.145009 0.023529 0.037665
7 0.902941 0.396422 0.118824 0.171375
7 0.192941 0.296610 0.200000 0.254237
B 0.507059 0.574388 0.023529 0.037665
B 0.912941 0.041431 0.023529 0.037665
L 0.142353 0.536723 0.023529 0.037665
L 0.922353 0.278719 0.023529 0.037665
