11 0.111111 0.507292 0.125000 0.302083
11 0.234722 0.185417 0.027778 0.041667
9 0.797917 0.702083 0.104167 0.154167
9 0.752778 0.314583 0.205556 0.225000
32 0.355556 0.339583 0.036111 0.054167
32 0.466667 0.491667 0.027778 0.041667
16 0.211111 0.281250 0.036111 0.054167
16 0.431250 0.731250 0.170833 0.316667
25 0.936111 0.193750 0.030556 0.045833
25 0.115278 0.825000 0.027778 0.041667
1 0.129167 0.112500 0.102778 0.162500
24 0.876389 0.362500 0.027778 0.041667
24 0.559028 0.346875 0.162500 0.172917
30 0.572222 0.062500 0.027778 0.041667
30 0.597222 0.678125 0.138889 0.277083
