S 0.722963 0.130556 0.160000 0.114444
S 0.810370 0.023333 0.038519 0.028889
W 0.585185 0.620000 0.035556 0.026667
W 0.469630 0.283889 0.237037 0.112222
X 0.893333 0.121111 0.041481 0.031111
X 0.567407 0.537222 0.091852 0.094444
H 0.259259 0.907222 0.198519 0.172222
H 0.886667 0.790000 0.176296 0.113333
E 0.500741 0.124444 0.035556 0.026667
E 0.122963 0.467778 0.029630 0.022222
7 0.389630 0.105556 0.186667 0.115556
7 0.097037 0.322778 0.170370 0.123333
N 0.863704 0.636667 0.029630 0.022222
N 0.904444 0.439444 0.173333 0.170000
