J 0.301667 0.211180 0.135000 0.276398
J 0.752083 0.295031 0.125833 0.270186
B 0.950833 0.683230 0.016667 0.031056
B 0.730833 0.585404 0.023333 0.043478
N 0.351667 0.869565 0.020000 0.037267
N 0.625417 0.492236 0.099167 0.242236
V 0.520000 0.358696 0.018333 0.034161
V 0.985833 0.885093 0.020000 0.037267
7 0.838333 0.577640 0.016667 0.031056
7 0.014167 0.616460 0.021667 0.040373
E 0.980000 0.257764 0.021667 0.040373
E 0.438333 0.451863 0.016667 0.031056
P 0.502500 0.892857 0.071667 0.118012
P 0.437083 0.170807 0.080833 0.195652
Q 0.520833 0.296584 0.023333 0.043478
Q 0.450833 0.344720 0.108333 0.086957
