Y 0.192871 0.137207 0.108398 0.122070
Y 0.852539 0.762695 0.146484 0.080078
L 0.681641 0.487305 0.027344 0.027344
L 0.722656 0.608398 0.023438 0.023438
J 0.459473 0.148926 0.077148 0.077148
J 0.557129 0.322266 0.112305 0.101562
H 0.299316 0.216797 0.084961 0.091797
H 0.777832 0.214355 0.051758 0.141602
S 0.538086 0.855957 0.142578 0.053711
S 0.266602 0.018555 0.019531 0.019531
6 0.162109 0.214844 0.019531 0.019531
6 0.683594 0.307617 0.027344 0.027344
F 0.866211 0.296875 0.023438 0.023438
F 0.437500 0.675781 0.136719 0.123047
3 0.047852 0.172852 0.025391 0.025391
3 0.875000 0.897461 0.021484 0.021484
K 0.375977 0.892090 0.121094 0.090820
K 0.409180 0.376953 0.019531 0.019531
