H 0.269630 0.797778 0.029630 0.022222
H 0.833333 0.064444 0.105185 0.073333
N 0.204444 0.395556 0.112593 0.157778
N 0.674074 0.300556 0.201481 0.056667
D 0.281481 0.462222 0.029630 0.022222
D 0.571852 0.557778 0.038519 0.028889
G 0.496296 0.888889 0.035556 0.026667
G 0.666667 0.767778 0.041481 0.031111
W 0.817037 0.953333 0.108148 0.091111
W 0.048889 0.427778 0.029630 0.022222
0 0.091852 0.107778 0.177778 0.148889
0 0.595556 0.704444 0.035556 0.026667
7 0.431111 0.423889 0.106667 0.092222
7 0.654074 0.918889 0.161481 0.122222
C 0.413333 0.241111 0.154074 0.151111
C 0.822222 0.603889 0.213333 0.127778
L 0.121481 0.710556 0.115556 0.090000
L 0.751852 0.414444 0.226667 0.168889
8 0.477037 0.719444 0.151111 0.118889
8 0.213333 0.526667 0.029630 0.022222
