1 0.380741 0.857778 0.115556 0.091111
1 0.050370 0.483333 0.029630 0.022222
U 0.862963 0.875556 0.146667 0.124444
U 0.121481 0.840556 0.183704 0.121111
3 0.233333 0.336667 0.176296 0.111111
3 0.608889 0.834444 0.035556 0.026667
L 0.271111 0.713333 0.029630 0.022222
L 0.797037 0.093333 0.029630 0.022222
X 0.534815 0.176667 0.038519 0.028889
X 0.140000 0.113889 0.099259 0.074444
M 0.385926 0.661667 0.155556 0.174444
M 0.772593 0.642222 0.241481 0.171111
Z 0.290370 0.033333 0.029630 0.022222
Z 0.677037 0.385556 0.041481 0.031111
B 0.608889 0.442222 0.029630 0.022222
B 0.457037 0.090000 0.217778 0.108889
8 0.914074 0.074444 0.041481 0.031111
8 0.136296 0.496667 0.029630 0.022222
7 0.144444 0.701667 0.194074 0.058889
7 0.851111 0.485556 0.214815 0.124444
