4 0.643777 0.807619 0.028612 0.038095
4 0.516452 0.620952 0.211731 0.259048
5 0.761087 0.622857 0.034335 0.045714
5 0.716738 0.497143 0.040057 0.053333
A 0.263233 0.650476 0.100143 0.150476
A 0.947067 0.520000 0.028612 0.038095
L 0.895565 0.603810 0.028612 0.038095
L 0.054363 0.754286 0.028612 0.038095
G 0.185980 0.600000 0.040057 0.053333
G 0.155222 0.104762 0.118741 0.198095
8 0.968526 0.657143 0.031474 0.041905
8 0.143062 0.784762 0.028612 0.038095
2 0.303290 0.361905 0.037196 0.049524
2 0.374821 0.902857 0.037196 0.049524
E 0.847639 0.182857 0.121602 0.201905
E 0.941345 0.760000 0.028612 0.038095
V 0.693848 0.236190 0.037196 0.049524
V 0.251788 0.112381 0.037196 0.049524
