A 0.269531 0.429688 0.019531 0.019531
A 0.248047 0.151367 0.023438 0.023438
3 0.657715 0.290527 0.065430 0.088867
3 0.225586 0.140625 0.019531 0.019531
C 0.862793 0.608887 0.075195 0.137695
C 0.732422 0.179688 0.027344 0.027344
G 0.511719 0.230469 0.025391 0.025391
G 0.769043 0.439453 0.124023 0.089844
4 0.308594 0.820801 0.156250 0.157227
4 0.490234 0.926758 0.023438 0.023438
5 0.067383 0.222168 0.115234 0.073242
5 0.418945 0.504883 0.019531 0.019531
L 0.424316 0.598145 0.133789 0.088867
L 0.324219 0.035156 0.019531 0.019531
