W 0.789318 0.588889 0.071217 0.053333
W 0.446588 0.754444 0.537092 0.411111
Y 0.281899 0.481111 0.332344 0.131111
Y 0.548961 0.188889 0.065282 0.048889
Q 0.100890 0.026667 0.065282 0.048889
Q 0.721068 0.468889 0.083086 0.062222
T 0.893175 0.037778 0.077151 0.057778
T 0.234421 0.195556 0.178042 0.284444
A 0.454006 0.148889 0.059347 0.044444
D 0.808605 0.153333 0.228487 0.160000
8 0.097923 0.633333 0.071217 0.053333
8 0.525223 0.422222 0.059347 0.044444
P 0.847181 0.707778 0.264095 0.180000
P 0.807122 0.857778 0.059347 0.044444
H 0.418398 0.064444 0.059347 0.044444
H 0.694362 0.284444 0.059347 0.044444
