F 0.968235 0.691149 0.032941 0.052731
F 0.611765 0.758945 0.023529 0.037665
J 0.265294 0.666667 0.116471 0.139360
J 0.350000 0.370056 0.172941 0.224105
L 0.938824 0.512241 0.032941 0.052731
L 0.514706 0.823917 0.076471 0.186441
2 0.751765 0.334275 0.195294 0.340866
2 0.397059 0.742938 0.085882 0.182674
4 0.401176 0.185499 0.072941 0.103578
4 0.922353 0.233522 0.131765 0.256121
M 0.753529 0.637476 0.196471 0.258004
M 0.631765 0.152542 0.023529 0.037665
A 0.132353 0.215631 0.118824 0.246704
A 0.570588 0.768362 0.023529 0.037665
U 0.161176 0.847458 0.120000 0.128060
U 0.255294 0.832392 0.028235 0.045198
8 0.101176 0.543315 0.185882 0.258004
8 0.851765 0.790960 0.025882 0.041431
