F 0.702500 0.052434 0.025000 0.037453
F 0.635625 0.884831 0.161250 0.144195
M 0.740625 0.672285 0.133750 0.213483
M 0.108750 0.468165 0.120000 0.176030
C 0.440000 0.469101 0.090000 0.207865
C 0.718125 0.202247 0.136250 0.235955
4 0.546250 0.741573 0.025000 0.037453
4 0.583750 0.562734 0.170000 0.204120
9 0.953750 0.744382 0.062500 0.211610
9 0.192500 0.567416 0.025000 0.037453
N 0.872500 0.941948 0.025000 0.037453
N 0.826875 0.328652 0.078750 0.132959
3 0.338125 0.170412 0.123750 0.258427
3 0.102500 0.804307 0.125000 0.271536
2 0.737500 0.050562 0.035000 0.052434
2 0.610000 0.307116 0.025000 0.037453
H 0.190625 0.146067 0.091250 0.280899
H 0.318125 0.434457 0.103750 0.146067
Z 0.541250 0.112360 0.035000 0.052434
Z 0.556250 0.324906 0.067500 0.237828
