Z 0.398000 0.386139 0.356000 0.425743
Z 0.220000 0.653465 0.080000 0.099010
E 0.676000 0.821782 0.560000 0.346535
C 0.316000 0.707921 0.104000 0.128713
C 0.072000 0.128713 0.080000 0.099010
1 0.172000 0.069307 0.104000 0.128713
V 0.794000 0.445545 0.356000 0.366337
A 0.252000 0.826733 0.080000 0.099010
A 0.084000 0.485149 0.104000 0.128713
W 0.704000 0.158416 0.112000 0.138614
N 0.312000 0.084158 0.112000 0.138614
N 0.900000 0.158416 0.080000 0.099010
J 0.044000 0.841584 0.080000 0.099010
J 0.440000 0.094059 0.104000 0.128713
