1 0.643192 0.673729 0.093897 0.084746
1 0.605634 0.076271 0.122066 0.110169
H 0.323944 0.637712 0.544601 0.521186
H 0.260563 0.186441 0.511737 0.347458
S 0.718310 0.254237 0.234742 0.245763
S 0.821596 0.504237 0.093897 0.084746
P 0.816901 0.610169 0.093897 0.084746
P 0.887324 0.855932 0.093897 0.084746
V 0.910798 0.190678 0.131455 0.118644
V 0.798122 0.063559 0.131455 0.118644
G 0.708920 0.847458 0.093897 0.084746
G 0.802817 0.703390 0.093897 0.084746
6 0.708920 0.521186 0.122066 0.110169
3 0.948357 0.423729 0.103286 0.093220
