3 0.036111 0.850000 0.027778 0.041667
3 0.066667 0.962500 0.027778 0.041667
J 0.331250 0.273958 0.218056 0.335417
J 0.551389 0.818750 0.030556 0.045833
N 0.908333 0.729167 0.027778 0.041667
N 0.506250 0.693750 0.170833 0.187500
2 0.840278 0.218750 0.086111 0.275000
2 0.584722 0.262500 0.036111 0.054167
9 0.165972 0.807292 0.212500 0.260417
9 0.486806 0.868750 0.084722 0.129167
5 0.241667 0.039583 0.027778 0.041667
5 0.915278 0.895833 0.027778 0.041667
S 0.697917 0.456250 0.193056 0.150000
S 0.326389 0.750000 0.027778 0.041667
R 0.120833 0.330208 0.177778 0.302083
R 0.972222 0.229167 0.030556 0.045833
Q 0.763194 0.753125 0.226389 0.297917
