10 0.208870 0.866667 0.028612 0.038095
10 0.055794 0.738095 0.103004 0.108571
29 0.884835 0.213333 0.155937 0.125714
29 0.401288 0.834286 0.167382 0.232381
4 0.677396 0.722857 0.216023 0.325714
4 0.155937 0.316190 0.034335 0.045714
31 0.414878 0.508571 0.028612 0.038095
31 0.596567 0.195238 0.151645 0.264762
13 0.480687 0.683810 0.031474 0.041905
13 0.330472 0.275238 0.237482 0.333333
33 0.881259 0.832381 0.168813 0.316190
33 0.058655 0.352381 0.040057 0.053333
11 0.862661 0.497143 0.148784 0.270476
11 0.212446 0.632381 0.133047 0.281905
8 0.130186 0.809524 0.028612 0.038095
8 0.454220 0.595238 0.178827 0.135238
14 0.083691 0.156190 0.087268 0.224762
14 0.719599 0.403810 0.028612 0.038095
25 0.590844 0.973333 0.028612 0.038095
25 0.115880 0.651429 0.034335 0.045714
