4 0.627796 0.247002 0.156550 0.326139
4 0.376997 0.381295 0.031949 0.047962
8 0.261981 0.848921 0.035144 0.052758
8 0.888179 0.654676 0.031949 0.047962
2 0.290735 0.304556 0.031949 0.047962
2 0.947284 0.064748 0.038339 0.057554
F 0.072684 0.727818 0.135783 0.136691
F 0.185304 0.827338 0.031949 0.047962
R 0.189297 0.492806 0.238019 0.165468
R 0.365016 0.557554 0.087859 0.261391
Y 0.570288 0.623501 0.230032 0.330935
Y 0.125399 0.293765 0.206070 0.232614
J 0.338658 0.335731 0.031949 0.047962
J 0.255591 0.302158 0.031949 0.047962
S 0.846645 0.314149 0.178914 0.187050
S 0.725240 0.940048 0.035144 0.052758
W 0.793930 0.574341 0.127796 0.256595
W 0.477636 0.211031 0.031949 0.047962
V 0.928914 0.840528 0.100639 0.309353
