E 0.309904 0.532374 0.031949 0.047962
E 0.421725 0.604317 0.031949 0.047962
M 0.734824 0.836930 0.031949 0.047962
M 0.199681 0.760192 0.031949 0.047962
B 0.025559 0.510791 0.035144 0.052758
B 0.603834 0.647482 0.031949 0.047962
J 0.538339 0.973621 0.031949 0.047962
J 0.830671 0.561151 0.258786 0.364508
5 0.563898 0.390887 0.172524 0.230216
5 0.089457 0.062350 0.031949 0.047962
1 0.261981 0.207434 0.099042 0.151079
1 0.361821 0.798561 0.145367 0.220624
V 0.199681 0.505995 0.121406 0.306954
V 0.111022 0.201439 0.190096 0.220624
K 0.948882 0.215827 0.099042 0.244604
K 0.394569 0.165468 0.130990 0.306954
W 0.758786 0.175060 0.204473 0.215827
W 0.263578 0.040767 0.038339 0.057554
