3 0.084444 0.391111 0.097778 0.097778
3 0.066667 0.808889 0.097778 0.097778
U 0.604444 0.677778 0.577778 0.626667
U 0.815556 0.180000 0.288889 0.351111
9 0.346667 0.182222 0.115556 0.115556
9 0.475556 0.244444 0.088889 0.088889
K 0.195556 0.844444 0.115556 0.115556
R 0.551111 0.115556 0.097778 0.097778
R 0.195556 0.488889 0.106667 0.106667
C 0.120000 0.111111 0.106667 0.106667
C 0.213333 0.640000 0.124444 0.124444
0 0.582222 0.302222 0.124444 0.124444
0 0.080000 0.582222 0.097778 0.097778
8 0.226667 0.293333 0.115556 0.115556
