0 0.984583 0.316875 0.008333 0.012500
0 0.422917 0.354375 0.008333 0.012500
27 0.525000 0.105000 0.038333 0.085000
27 0.890000 0.545625 0.008333 0.012500
26 0.388750 0.381875 0.033333 0.043750
26 0.947083 0.099375 0.010833 0.016250
12 0.199583 0.495000 0.010833 0.016250
12 0.146250 0.821250 0.008333 0.012500
10 0.171667 0.242500 0.044167 0.046250
10 0.699792 0.915000 0.042917 0.067500
25 0.773333 0.305000 0.010000 0.015000
25 0.752500 0.721250 0.043333 0.060000
13 0.810208 0.240937 0.036250 0.045625
13 0.393125 0.957187 0.056250 0.079375
