W 0.878906 0.565972 0.119141 0.100694
W 0.308594 0.118056 0.126953 0.225694
X 0.706543 0.217014 0.069336 0.149306
X 0.143555 0.607639 0.021484 0.038194
R 0.550781 0.435764 0.126953 0.253472
R 0.902832 0.775174 0.145508 0.300347
B 0.771484 0.904514 0.021484 0.038194
B 0.796875 0.760417 0.019531 0.034722
F 0.608398 0.829861 0.187500 0.326389
F 0.708008 0.503472 0.021484 0.038194
H 0.101074 0.216146 0.143555 0.230903
H 0.107422 0.878472 0.138672 0.218750
G 0.501953 0.734375 0.019531 0.034722
G 0.348633 0.546875 0.021484 0.038194
