Z 0.642500 0.488764 0.087500 0.194757
Z 0.488750 0.616105 0.025000 0.037453
7 0.775000 0.492509 0.027500 0.041199
7 0.251875 0.097378 0.113750 0.123596
Y 0.153750 0.505618 0.030000 0.044944
Y 0.844375 0.622659 0.151250 0.185393
P 0.878750 0.258427 0.025000 0.037453
P 0.516250 0.239700 0.025000 0.037453
D 0.393750 0.366105 0.162500 0.286517
D 0.580625 0.792135 0.181250 0.209738
9 0.781875 0.266854 0.086250 0.140449
9 0.421250 0.166667 0.035000 0.052434
N 0.556250 0.346442 0.025000 0.037453
N 0.280000 0.973783 0.035000 0.052434
F 0.168750 0.880150 0.030000 0.044944
F 0.285000 0.698502 0.187500 0.262172
A 0.451250 0.657303 0.027500 0.041199
A 0.116875 0.293071 0.121250 0.275281
6 0.708750 0.247191 0.025000 0.037453
6 0.333750 0.191011 0.035000 0.052434
