S 0.308333 0.659333 0.088667 0.090667
S 0.046667 0.478667 0.017333 0.017333
0 0.148000 0.156667 0.017333 0.017333
0 0.856667 0.139333 0.017333 0.017333
Z 0.869333 0.718000 0.013333 0.013333
Z 0.530667 0.246000 0.013333 0.013333
J 0.730667 0.817333 0.014667 0.014667
J 0.124000 0.062667 0.017333 0.017333
5 0.534333 0.586667 0.079333 0.086667
5 0.095667 0.223333 0.044667 0.044000
6 0.408000 0.869000 0.069333 0.076667
6 0.507333 0.884667 0.017333 0.017333
W 0.174000 0.239333 0.014667 0.014667
W 0.215333 0.106333 0.069333 0.071333
