6 0.515294 0.286252 0.028235 0.045198
6 0.848235 0.830508 0.023529 0.037665
D 0.332941 0.811676 0.030588 0.048964
D 0.927059 0.312618 0.117647 0.094162
V 0.257059 0.746704 0.074118 0.175141
V 0.084118 0.907721 0.109412 0.124294
Z 0.488235 0.640301 0.028235 0.045198
Z 0.314118 0.419962 0.030588 0.048964
S 0.687647 0.754237 0.125882 0.197740
S 0.344706 0.621469 0.023529 0.037665
G 0.504706 0.218456 0.023529 0.037665
G 0.752353 0.347458 0.107059 0.205273
1 0.583529 0.109228 0.094118 0.188324
1 0.179412 0.444444 0.142353 0.139360
U 0.209412 0.172316 0.131765 0.122411
U 0.815294 0.847458 0.023529 0.037665
J 0.625882 0.420904 0.122353 0.276836
J 0.362941 0.939736 0.118824 0.120527
H 0.768235 0.120527 0.025882 0.041431
H 0.150588 0.077213 0.023529 0.037665
