H 0.239583 0.850000 0.093056 0.125000
H 0.981944 0.787500 0.036111 0.054167
F 0.719444 0.768750 0.200000 0.312500
F 0.645833 0.362500 0.038889 0.058333
7 0.520833 0.606250 0.033333 0.050000
7 0.063889 0.329167 0.038889 0.058333
T 0.811111 0.106250 0.036111 0.054167
T 0.457639 0.287500 0.162500 0.241667
8 0.881944 0.265625 0.116667 0.147917
8 0.785417 0.447917 0.204167 0.154167
V 0.788889 0.283333 0.030556 0.045833
V 0.105556 0.935417 0.027778 0.041667
R 0.608333 0.495833 0.027778 0.041667
R 0.329167 0.581250 0.033333 0.050000
0 0.652778 0.083333 0.030556 0.045833
0 0.257639 0.125000 0.195833 0.225000
N 0.112500 0.379167 0.027778 0.041667
N 0.175694 0.703125 0.181944 0.152083
4 0.504861 0.843750 0.215278 0.279167
4 0.522222 0.481250 0.027778 0.041667
