1 0.714583 0.084812 0.109167 0.085366
1 0.885000 0.194013 0.018333 0.024390
W 0.102500 0.753880 0.020000 0.026608
W 0.664167 0.603104 0.098333 0.133038
2 0.430833 0.105876 0.098333 0.103104
2 0.636667 0.036585 0.020000 0.026608
N 0.641667 0.873614 0.020000 0.026608
N 0.666667 0.973392 0.016667 0.022173
S 0.269167 0.877494 0.085000 0.107539
S 0.783333 0.282705 0.016667 0.022173
X 0.203333 0.541020 0.018333 0.024390
X 0.092500 0.868625 0.078333 0.072062
G 0.412917 0.872506 0.124167 0.115299
G 0.320833 0.087583 0.023333 0.031042
Y 0.412500 0.559313 0.150000 0.209534
Y 0.127500 0.592018 0.093333 0.137472
