L 0.311523 0.760742 0.087891 0.117188
L 0.565430 0.573730 0.085938 0.141602
T 0.152832 0.592773 0.102539 0.095703
T 0.072266 0.685547 0.019531 0.019531
8 0.074219 0.107422 0.091797 0.095703
8 0.670410 0.331055 0.100586 0.142578
N 0.429199 0.172852 0.155273 0.138672
N 0.978516 0.577148 0.021484 0.021484
C 0.989258 0.766602 0.019531 0.019531
C 0.269043 0.083984 0.131836 0.128906
9 0.035156 0.708984 0.019531 0.019531
9 0.128906 0.378906 0.023438 0.023438
K 0.531250 0.124023 0.027344 0.027344
K 0.516113 0.772461 0.122070 0.119141
M 0.927734 0.580078 0.019531 0.019531
M 0.281738 0.203613 0.086914 0.102539
A 0.868164 0.223633 0.160156 0.160156
A 0.570312 0.239258 0.023438 0.023438
3 0.403320 0.280273 0.025391 0.025391
3 0.259766 0.662109 0.027344 0.027344
