9 0.455000 0.619552 0.040000 0.028269
9 0.593333 0.477032 0.120000 0.169611
P 0.461667 0.159011 0.036667 0.025913
P 0.495000 0.804476 0.033333 0.023557
4 0.830000 0.030624 0.033333 0.023557
4 0.889167 0.698469 0.205000 0.179034
D 0.421667 0.118963 0.043333 0.030624
D 0.573333 0.621908 0.033333 0.023557
F 0.211667 0.067138 0.120000 0.089517
F 0.313333 0.792697 0.033333 0.023557
X 0.418333 0.388104 0.223333 0.130742
X 0.902500 0.527091 0.195000 0.147232
C 0.405000 0.204947 0.046667 0.032980
C 0.286667 0.580683 0.270000 0.190813
6 0.150833 0.855124 0.128333 0.164900
6 0.033333 0.756184 0.033333 0.023557
