25 0.445417 0.323171 0.110833 0.180710
25 0.962083 0.591463 0.067500 0.083149
13 0.770833 0.211752 0.016667 0.022173
13 0.083750 0.703991 0.119167 0.090909
23 0.870000 0.166297 0.021667 0.028825
23 0.570833 0.659091 0.093333 0.138581
0 0.697500 0.858093 0.016667 0.022173
0 0.344167 0.580931 0.016667 0.022173
5 0.915833 0.525499 0.020000 0.026608
5 0.671667 0.208426 0.018333 0.024390
2 0.658333 0.070953 0.016667 0.022173
2 0.724167 0.703991 0.086667 0.059867
7 0.164167 0.824279 0.046667 0.067627
7 0.602500 0.093681 0.071667 0.111973
30 0.065417 0.423503 0.105833 0.115299
30 0.262083 0.895233 0.102500 0.085366
