5 0.158333 0.232407 0.010417 0.018519
5 0.854687 0.106481 0.010417 0.018519
H 0.202604 0.772222 0.012500 0.022222
H 0.739323 0.536574 0.082812 0.121296
A 0.347917 0.379630 0.011458 0.020370
A 0.051562 0.666667 0.010417 0.018519
D 0.469271 0.013889 0.010417 0.018519
D 0.247917 0.949074 0.011458 0.020370
4 0.285417 0.285185 0.013542 0.024074
4 0.441927 0.487037 0.054688 0.057407
2 0.548958 0.261111 0.012500 0.022222
2 0.927604 0.447222 0.010417 0.018519
B 0.925521 0.761574 0.043750 0.145370
B 0.822396 0.500926 0.010417 0.018519
