3 0.603004 0.291667 0.613734 0.574074
3 0.188841 0.078704 0.085837 0.092593
14 0.905579 0.828704 0.085837 0.092593
14 0.888412 0.717593 0.094421 0.101852
30 0.188841 0.546296 0.085837 0.092593
30 0.244635 0.189815 0.103004 0.111111
26 0.534335 0.766204 0.364807 0.365741
26 0.047210 0.777778 0.085837 0.092593
22 0.077253 0.342593 0.085837 0.092593
22 0.952790 0.527778 0.085837 0.092593
9 0.103004 0.935185 0.085837 0.092593
28 0.236052 0.865741 0.085837 0.092593
1 0.781116 0.847222 0.120172 0.129630
1 0.077253 0.555556 0.103004 0.111111
