L 0.762500 0.113663 0.175000 0.109541
L 0.210833 0.364547 0.228333 0.078916
J 0.557500 0.484688 0.148333 0.121319
J 0.738333 0.413428 0.193333 0.157833
A 0.353333 0.903416 0.170000 0.098940
A 0.472500 0.190224 0.195000 0.189635
9 0.915000 0.577150 0.046667 0.032980
9 0.216667 0.695524 0.283333 0.182568
W 0.755833 0.678445 0.258333 0.207303
W 0.628333 0.214370 0.033333 0.023557
R 0.951667 0.685512 0.043333 0.030624
R 0.181667 0.890459 0.166667 0.124853
S 0.711667 0.932273 0.220000 0.090695
S 0.171667 0.517079 0.033333 0.023557
7 0.326667 0.504711 0.093333 0.154299
7 0.151667 0.234982 0.236667 0.147232
