19 0.179348 0.345788 0.125000 0.062500
19 0.616168 0.775815 0.194293 0.067935
8 0.617527 0.685122 0.099185 0.065897
8 0.857337 0.489810 0.198370 0.088315
20 0.924592 0.630435 0.137228 0.070652
20 0.663043 0.281250 0.035326 0.017663
9 0.804348 0.550951 0.032609 0.016304
9 0.091033 0.199728 0.032609 0.016304
4 0.394701 0.617188 0.129076 0.067255
4 0.116848 0.828125 0.027174 0.013587
1 0.092391 0.608016 0.038043 0.019022
1 0.207880 0.498981 0.125000 0.042799
6 0.638587 0.531929 0.032609 0.016304
6 0.805707 0.224524 0.209239 0.097147
27 0.273777 0.858696 0.156250 0.058424
27 0.408967 0.458560 0.182065 0.076087
24 0.574728 0.288043 0.027174 0.013587
24 0.148098 0.236413 0.027174 0.013587
17 0.207201 0.052989 0.226902 0.101902
17 0.443614 0.966033 0.164402 0.059783
