24 0.500687 0.401468 0.130495 0.074961
24 0.266484 0.360124 0.027473 0.015456
20 0.560440 0.928130 0.027473 0.015456
20 0.501374 0.446677 0.027473 0.015456
13 0.155220 0.281298 0.038462 0.021638
13 0.306319 0.647218 0.197802 0.061051
6 0.791896 0.099691 0.160714 0.047913
6 0.850275 0.172334 0.032967 0.018547
3 0.759615 0.057960 0.027473 0.015456
3 0.035714 0.962906 0.030220 0.017002
17 0.252747 0.790572 0.162088 0.091190
17 0.159341 0.236476 0.027473 0.015456
25 0.120879 0.860124 0.038462 0.021638
25 0.796703 0.785935 0.035714 0.020093
30 0.590659 0.191654 0.032967 0.018547
30 0.358516 0.425039 0.027473 0.015456
