P 0.077977 0.664316 0.009452 0.014104
P 0.944943 0.542666 0.037335 0.068406
6 0.725898 0.949929 0.009452 0.014104
6 0.078450 0.215797 0.013233 0.019746
D 0.923440 0.717207 0.011342 0.016925
D 0.796786 0.267278 0.011342 0.016925
C 0.607987 0.478138 0.056238 0.110014
C 0.336484 0.557123 0.009452 0.014104
T 0.482750 0.243300 0.054348 0.086037
T 0.662807 0.753526 0.033554 0.083921
2 0.613185 0.161848 0.033554 0.068406
2 0.500000 0.801128 0.009452 0.014104
M 0.847826 0.622708 0.009452 0.014104
M 0.087902 0.370240 0.009452 0.014104
0 0.590974 0.048660 0.060964 0.067701
0 0.382798 0.455924 0.066163 0.096615
9 0.472590 0.901269 0.009452 0.014104
9 0.425095 0.751058 0.058129 0.067701
