3 0.035144 0.328537 0.038339 0.057554
3 0.192492 0.657074 0.100639 0.167866
26 0.405751 0.669065 0.038339 0.057554
26 0.921725 0.191847 0.041534 0.062350
10 0.920128 0.577938 0.031949 0.047962
10 0.354633 0.625899 0.031949 0.047962
33 0.456869 0.117506 0.201278 0.153477
33 0.498403 0.314149 0.143770 0.196643
18 0.182109 0.309353 0.220447 0.393285
18 0.846645 0.642686 0.044728 0.067146
14 0.202875 0.800959 0.031949 0.047962
14 0.867412 0.930456 0.044728 0.067146
13 0.801118 0.339329 0.183706 0.347722
13 0.727636 0.743405 0.164537 0.350120
12 0.095847 0.959233 0.031949 0.047962
12 0.592652 0.105516 0.031949 0.047962
6 0.552716 0.618705 0.121406 0.225420
6 0.979233 0.525180 0.041534 0.062350
