W 0.403000 0.363000 0.020000 0.020000
W 0.124500 0.768000 0.159000 0.172000
P 0.423000 0.518000 0.022000 0.022000
P 0.615500 0.673000 0.109000 0.098000
5 0.739000 0.091000 0.106000 0.096000
5 0.480000 0.131000 0.020000 0.020000
F 0.784500 0.849000 0.053000 0.132000
F 0.311500 0.272000 0.095000 0.124000
C 0.738000 0.278000 0.020000 0.020000
C 0.331000 0.471000 0.020000 0.020000
6 0.893000 0.582000 0.138000 0.090000
6 0.937000 0.644000 0.020000 0.020000
T 0.757000 0.575000 0.020000 0.020000
T 0.419000 0.144000 0.088000 0.150000
