C 0.510333 0.749333 0.098000 0.086667
C 0.616333 0.823333 0.072667 0.077333
Z 0.091667 0.551000 0.099333 0.071333
Z 0.617333 0.220000 0.016000 0.016000
D 0.663667 0.425000 0.088667 0.060667
D 0.618000 0.906667 0.013333 0.013333
J 0.933000 0.465667 0.072667 0.048667
J 0.801000 0.699000 0.100667 0.076667
N 0.117333 0.722667 0.064000 0.090667
N 0.512000 0.166333 0.100000 0.055333
H 0.914667 0.373000 0.089333 0.070000
H 0.203000 0.656000 0.084667 0.065333
6 0.374000 0.456667 0.018667 0.018667
6 0.072667 0.176667 0.018667 0.018667
A 0.318333 0.167333 0.071333 0.060000
A 0.764667 0.448667 0.112000 0.096000
V 0.974667 0.676667 0.013333 0.013333
V 0.282000 0.338667 0.013333 0.013333
