20 0.080000 0.640000 0.115556 0.115556
20 0.084444 0.195556 0.124444 0.124444
5 0.635556 0.777778 0.124444 0.124444
5 0.457778 0.617778 0.097778 0.097778
8 0.811111 0.371111 0.342222 0.360000
22 0.257778 0.502222 0.124444 0.124444
22 0.497778 0.746667 0.088889 0.088889
32 0.395556 0.955556 0.088889 0.088889
17 0.577778 0.386667 0.106667 0.106667
9 0.431111 0.253333 0.097778 0.097778
33 0.862222 0.800000 0.124444 0.124444
14 0.080000 0.782222 0.124444 0.124444
28 0.871111 0.688889 0.088889 0.088889
28 0.235556 0.142222 0.124444 0.124444
