D 0.545330 0.709428 0.035714 0.020093
D 0.748626 0.668470 0.027473 0.015456
U 0.313874 0.698995 0.125000 0.112056
U 0.295330 0.111283 0.038462 0.021638
9 0.432692 0.387172 0.178571 0.064915
9 0.098901 0.768934 0.027473 0.015456
1 0.660714 0.947450 0.027473 0.015456
1 0.458791 0.551391 0.079670 0.099691
H 0.841346 0.943586 0.163462 0.075734
H 0.240385 0.204791 0.027473 0.015456
T 0.443681 0.148377 0.142857 0.097372
T 0.603709 0.643740 0.190934 0.075734
S 0.824863 0.815688 0.119505 0.076507
S 0.356456 0.861283 0.141484 0.093509
R 0.950549 0.475270 0.032967 0.018547
R 0.379808 0.458655 0.199176 0.065688
K 0.655907 0.844281 0.146978 0.062597
K 0.039835 0.053323 0.027473 0.015456
