Y 0.416304 0.553191 0.023913 0.042553
Y 0.893478 0.483559 0.021739 0.038685
8 0.651087 0.147002 0.160870 0.251451
8 0.497283 0.184720 0.127174 0.148936
3 0.045652 0.733075 0.030435 0.054159
3 0.985870 0.738878 0.028261 0.050290
B 0.722826 0.823017 0.110870 0.268859
B 0.308696 0.778530 0.132609 0.276596
F 0.257065 0.464217 0.144565 0.147002
F 0.657065 0.452611 0.198913 0.348162
S 0.754348 0.197292 0.030435 0.054159
S 0.848913 0.671180 0.121739 0.321083
G 0.920652 0.183752 0.056522 0.116054
G 0.154348 0.282398 0.021739 0.038685
9 0.032609 0.899420 0.021739 0.038685
9 0.419565 0.688588 0.021739 0.038685
E 0.158152 0.811412 0.114130 0.295938
E 0.089674 0.449710 0.101087 0.168279
