L 0.031474 0.192381 0.028612 0.038095
L 0.449213 0.853333 0.028612 0.038095
Z 0.557940 0.593333 0.188841 0.310476
Z 0.739628 0.638095 0.028612 0.038095
A 0.688126 0.034286 0.040057 0.053333
A 0.276109 0.224762 0.028612 0.038095
Y 0.787554 0.840952 0.138770 0.161905
Y 0.129471 0.804762 0.118741 0.226667
7 0.971388 0.916190 0.028612 0.038095
7 0.845494 0.213333 0.082976 0.205714
9 0.187411 0.542857 0.226037 0.259048
9 0.688841 0.299048 0.213162 0.156190
N 0.326180 0.098095 0.185980 0.135238
N 0.203147 0.226667 0.028612 0.038095
5 0.113019 0.975238 0.028612 0.038095
K 0.281116 0.857143 0.121602 0.194286
K 0.560801 0.929524 0.037196 0.049524
