Y 0.671111 0.768889 0.124444 0.124444
Y 0.282222 0.740000 0.431111 0.448889
S 0.457778 0.311111 0.088889 0.088889
S 0.875556 0.204444 0.115556 0.115556
C 0.711111 0.066667 0.124444 0.124444
M 0.771111 0.497778 0.342222 0.400000
M 0.817778 0.777778 0.115556 0.115556
8 0.346667 0.368889 0.088889 0.088889
V 0.835556 0.888889 0.088889 0.088889
P 0.502222 0.124444 0.088889 0.088889
P 0.537778 0.413333 0.088889 0.088889
U 0.253333 0.062222 0.097778 0.097778
T 0.257778 0.457778 0.088889 0.088889
T 0.084444 0.351111 0.124444 0.124444
2 0.266667 0.195556 0.124444 0.124444
2 0.635556 0.933333 0.097778 0.097778
