4 0.845926 0.790000 0.029630 0.022222
4 0.903704 0.591111 0.035556 0.026667
9 0.507407 0.736667 0.128889 0.124444
9 0.893333 0.511111 0.029630 0.022222
1 0.481481 0.411667 0.160000 0.165556
1 0.076296 0.181667 0.114074 0.083333
R 0.336296 0.031111 0.029630 0.022222
R 0.121481 0.058889 0.041481 0.031111
J 0.871111 0.464444 0.041481 0.031111
J 0.819259 0.462222 0.041481 0.031111
P 0.308148 0.250556 0.195556 0.127778
P 0.650370 0.394444 0.032593 0.024444
Q 0.345185 0.746667 0.029630 0.022222
Q 0.821481 0.207222 0.111111 0.090000
X 0.147407 0.400000 0.122963 0.100000
X 0.603704 0.232222 0.167407 0.131111
