Y 0.455500 0.068500 0.151000 0.061000
Y 0.382000 0.968000 0.026000 0.026000
X 0.451000 0.702000 0.024000 0.024000
X 0.837000 0.673500 0.122000 0.101000
M 0.462000 0.399000 0.074000 0.098000
M 0.918000 0.382000 0.020000 0.020000
K 0.749000 0.277000 0.122000 0.158000
K 0.046000 0.858000 0.026000 0.026000
G 0.868000 0.497000 0.028000 0.028000
G 0.934500 0.184500 0.077000 0.143000
R 0.663500 0.625500 0.113000 0.111000
R 0.567000 0.755000 0.020000 0.020000
4 0.939000 0.612000 0.020000 0.020000
4 0.346000 0.791500 0.126000 0.119000
T 0.382500 0.548000 0.079000 0.120000
T 0.485000 0.258000 0.020000 0.020000
E 0.134000 0.191000 0.020000 0.020000
E 0.492000 0.588000 0.138000 0.148000
P 0.568000 0.418000 0.026000 0.026000
P 0.698000 0.020000 0.028000 0.028000
