T 0.916667 0.347222 0.092593 0.194444
T 0.457407 0.330556 0.277778 0.168519
D 0.265741 0.702778 0.212963 0.261111
D 0.029630 0.161111 0.044444 0.044444
7 0.485185 0.669444 0.225926 0.235185
7 0.731481 0.417593 0.270370 0.142593
6 0.132407 0.387963 0.201852 0.261111
6 0.603704 0.835185 0.037037 0.037037
1 0.892593 0.038889 0.037037 0.037037
1 0.815741 0.823148 0.209259 0.209259
0 0.094444 0.042593 0.037037 0.037037
9 0.468519 0.168519 0.037037 0.037037
9 0.911111 0.951852 0.037037 0.037037
H 0.274074 0.103704 0.092593 0.185185
H 0.412963 0.029630 0.051852 0.051852
F 0.730556 0.091667 0.227778 0.179630
F 0.803704 0.575926 0.281481 0.155556
G 0.112963 0.844444 0.051852 0.051852
G 0.111111 0.544444 0.037037 0.037037
