1 0.764444 0.213333 0.417778 0.248889
1 0.120000 0.528889 0.124444 0.124444
V 0.573333 0.702222 0.382222 0.444444
V 0.235556 0.377778 0.106667 0.106667
U 0.071111 0.120000 0.115556 0.115556
2 0.213333 0.795556 0.124444 0.124444
2 0.431111 0.208889 0.115556 0.115556
G 0.902222 0.466667 0.088889 0.088889
G 0.684444 0.435556 0.088889 0.088889
S 0.862222 0.817778 0.115556 0.115556
5 0.191111 0.146667 0.088889 0.088889
H 0.857778 0.635556 0.106667 0.106667
H 0.177778 0.240000 0.088889 0.088889
Y 0.266667 0.582222 0.115556 0.115556
