T 0.253000 0.352000 0.152000 0.140000
T 0.987000 0.648000 0.020000 0.020000
Q 0.885000 0.537000 0.020000 0.020000
Q 0.352000 0.712000 0.024000 0.024000
E 0.360000 0.414500 0.062000 0.113000
E 0.131000 0.353000 0.024000 0.024000
3 0.265000 0.721500 0.060000 0.067000
3 0.436000 0.506500 0.068000 0.067000
U 0.068000 0.024000 0.028000 0.028000
U 0.617000 0.583000 0.026000 0.026000
C 0.765000 0.382000 0.028000 0.028000
C 0.083000 0.872500 0.092000 0.081000
2 0.507000 0.365000 0.020000 0.020000
2 0.956500 0.862000 0.077000 0.134000
0 0.310000 0.101000 0.114000 0.124000
0 0.163000 0.702500 0.058000 0.067000
4 0.741000 0.844500 0.128000 0.123000
4 0.697000 0.632500 0.092000 0.105000
X 0.610000 0.074000 0.026000 0.026000
X 0.517000 0.872500 0.092000 0.115000
