15 0.636957 0.363636 0.028261 0.050290
15 0.854348 0.435203 0.030435 0.054159
10 0.038043 0.088975 0.030435 0.054159
10 0.316304 0.125725 0.021739 0.038685
17 0.534239 0.822050 0.094565 0.100580
17 0.825000 0.264990 0.030435 0.054159
28 0.716304 0.707930 0.021739 0.038685
28 0.369565 0.528046 0.071739 0.286267
23 0.909783 0.388781 0.021739 0.038685
23 0.455435 0.905222 0.021739 0.038685
18 0.392935 0.143133 0.066304 0.197292
18 0.221739 0.360735 0.054348 0.288201
22 0.465217 0.800774 0.030435 0.054159
22 0.804348 0.187621 0.021739 0.038685
7 0.848913 0.773694 0.030435 0.054159
7 0.329348 0.027079 0.021739 0.038685
21 0.473913 0.157640 0.069565 0.145068
21 0.676630 0.883946 0.105435 0.170213
