X 0.489011 0.828053 0.178571 0.125966
X 0.470467 0.704019 0.166209 0.081917
9 0.173764 0.845827 0.100275 0.079598
9 0.335165 0.978362 0.038462 0.021638
Y 0.527473 0.273570 0.027473 0.015456
Y 0.607143 0.153014 0.162088 0.098918
4 0.326923 0.543277 0.035714 0.020093
4 0.554258 0.385240 0.207418 0.050232
G 0.313187 0.421947 0.027473 0.015456
G 0.421703 0.339258 0.027473 0.015456
7 0.491758 0.599304 0.131868 0.095054
7 0.755495 0.465611 0.134615 0.107419
H 0.192308 0.078439 0.186813 0.096600
H 0.225275 0.329212 0.038462 0.021638
