Y 0.205455 0.199029 0.036364 0.048544
Y 0.309091 0.674757 0.189091 0.126214
H 0.660000 0.216019 0.036364 0.048544
H 0.290909 0.796117 0.050909 0.067961
6 0.727273 0.956311 0.050909 0.067961
6 0.530909 0.762136 0.036364 0.048544
9 0.230909 0.817961 0.040000 0.053398
9 0.803636 0.337379 0.138182 0.276699
R 0.600000 0.910194 0.036364 0.048544
R 0.270909 0.445388 0.181818 0.245146
A 0.101818 0.771845 0.196364 0.354369
A 0.585455 0.308252 0.036364 0.048544
W 0.398182 0.089806 0.170909 0.121359
E 0.826364 0.708738 0.154545 0.344660
P 0.540909 0.588592 0.267273 0.240291
