8 0.498047 0.565104 0.160156 0.101562
8 0.429688 0.832031 0.328125 0.164062
V 0.891602 0.642578 0.181641 0.191406
V 0.712891 0.170573 0.039062 0.026042
R 0.632812 0.351562 0.054688 0.036458
R 0.492188 0.065104 0.042969 0.028646
1 0.779297 0.550781 0.039062 0.026042
1 0.820312 0.225260 0.054688 0.036458
B 0.507812 0.147135 0.054688 0.036458
B 0.284180 0.473307 0.197266 0.108073
T 0.835938 0.333333 0.285156 0.161458
T 0.209961 0.174479 0.158203 0.145833
C 0.076172 0.402344 0.039062 0.026042
C 0.154297 0.840495 0.203125 0.144531
