R 0.315556 0.315556 0.088889 0.088889
R 0.066667 0.217778 0.124444 0.124444
S 0.924444 0.742222 0.115556 0.115556
S 0.644444 0.333333 0.106667 0.106667
C 0.417778 0.871111 0.088889 0.088889
C 0.137778 0.373333 0.106667 0.106667
D 0.457778 0.191111 0.097778 0.097778
3 0.644444 0.186667 0.097778 0.097778
3 0.804444 0.368889 0.088889 0.088889
M 0.466667 0.675556 0.595556 0.284444
M 0.440000 0.457778 0.088889 0.088889
6 0.857778 0.115556 0.106667 0.106667
6 0.088889 0.480000 0.088889 0.088889
L 0.084444 0.680000 0.097778 0.097778
