C 0.685000 0.705179 0.140000 0.111554
C 0.090000 0.745020 0.100000 0.079681
1 0.090000 0.362550 0.100000 0.079681
1 0.415000 0.314741 0.120000 0.095618
5 0.215000 0.203187 0.100000 0.079681
5 0.685000 0.894422 0.310000 0.211155
B 0.767500 0.382470 0.285000 0.454183
J 0.565000 0.310757 0.100000 0.079681
9 0.325000 0.832669 0.100000 0.079681
2 0.150000 0.597610 0.140000 0.111554
2 0.085000 0.135458 0.100000 0.079681
N 0.440000 0.701195 0.100000 0.079681
E 0.065000 0.223108 0.100000 0.079681
V 0.090000 0.852590 0.130000 0.103586
