0 0.081818 0.378641 0.050909 0.067961
0 0.785455 0.321602 0.243636 0.167476
1 0.760000 0.643204 0.047273 0.063107
1 0.134545 0.832524 0.043636 0.058252
5 0.750909 0.856796 0.232727 0.237864
5 0.389091 0.917476 0.040000 0.053398
8 0.303636 0.610437 0.156364 0.274272
8 0.216364 0.281553 0.040000 0.053398
H 0.517273 0.467233 0.234545 0.395631
H 0.892727 0.084951 0.036364 0.048544
Z 0.207273 0.165049 0.036364 0.048544
9 0.940000 0.688107 0.112727 0.332524
9 0.556364 0.216019 0.036364 0.048544
Q 0.150909 0.941748 0.036364 0.048544
Q 0.452727 0.194175 0.036364 0.048544
