T 0.633789 0.425130 0.142578 0.113281
T 0.864258 0.102214 0.224609 0.066406
0 0.083984 0.830729 0.054688 0.036458
0 0.812500 0.677083 0.230469 0.145833
8 0.066406 0.606771 0.050781 0.033854
8 0.225586 0.715495 0.099609 0.165365
U 0.217773 0.301432 0.197266 0.209635
U 0.577148 0.586589 0.099609 0.149740
W 0.533203 0.450521 0.046875 0.031250
W 0.719727 0.871745 0.330078 0.235677
D 0.398438 0.633464 0.199219 0.110677
D 0.863281 0.477865 0.039062 0.026042
M 0.294922 0.522135 0.039062 0.026042
M 0.548828 0.188802 0.039062 0.026042
