B 0.404297 0.665365 0.183594 0.148438
B 0.176758 0.322266 0.216797 0.095052
X 0.509766 0.279948 0.039062 0.026042
X 0.130859 0.563802 0.187500 0.143229
A 0.359375 0.029948 0.046875 0.031250
A 0.801758 0.498698 0.318359 0.205729
2 0.179688 0.919922 0.187500 0.126302
2 0.652344 0.117188 0.128906 0.192708
P 0.564453 0.705729 0.054688 0.036458
P 0.387695 0.193359 0.193359 0.194010
C 0.773438 0.144531 0.046875 0.031250
C 0.195312 0.748698 0.050781 0.033854
8 0.078125 0.658854 0.054688 0.036458
8 0.066406 0.093750 0.042969 0.028646
0 0.593750 0.496094 0.039062 0.026042
0 0.843750 0.677083 0.191406 0.130208
