6 0.917000 0.096000 0.020000 0.020000
6 0.019000 0.765000 0.020000 0.020000
X 0.806500 0.888000 0.093000 0.112000
X 0.683500 0.199000 0.061000 0.128000
4 0.788000 0.072000 0.026000 0.026000
4 0.353000 0.581000 0.020000 0.020000
F 0.548000 0.802000 0.020000 0.020000
F 0.438500 0.907000 0.071000 0.098000
J 0.326000 0.698500 0.140000 0.107000
J 0.493000 0.297000 0.020000 0.020000
0 0.134000 0.912000 0.092000 0.134000
0 0.872000 0.371000 0.020000 0.020000
Q 0.394500 0.218000 0.105000 0.116000
Q 0.800500 0.720500 0.089000 0.071000
B 0.800500 0.544500 0.061000 0.071000
B 0.371000 0.983000 0.020000 0.020000
V 0.906500 0.256000 0.145000 0.090000
V 0.668000 0.402500 0.144000 0.135000
