U 0.826667 0.844444 0.115556 0.115556
U 0.697778 0.471111 0.106667 0.106667
D 0.433333 0.311111 0.315556 0.293333
D 0.446667 0.708889 0.342222 0.493333
Q 0.195556 0.591111 0.088889 0.088889
W 0.764444 0.622222 0.088889 0.088889
2 0.937778 0.853333 0.088889 0.088889
2 0.671111 0.955556 0.088889 0.088889
4 0.097778 0.395556 0.124444 0.124444
4 0.128889 0.791111 0.088889 0.088889
Y 0.942222 0.675556 0.106667 0.106667
A 0.697778 0.053333 0.097778 0.097778
A 0.693333 0.831111 0.088889 0.088889
L 0.177778 0.897778 0.115556 0.115556
L 0.720000 0.293333 0.097778 0.097778
