P 0.188889 0.681250 0.027778 0.041667
P 0.851389 0.739583 0.030556 0.045833
G 0.548611 0.216667 0.027778 0.041667
G 0.388889 0.620833 0.030556 0.045833
W 0.530556 0.608333 0.191667 0.275000
W 0.707639 0.862500 0.181944 0.208333
N 0.306944 0.908333 0.036111 0.054167
N 0.191667 0.493750 0.033333 0.050000
S 0.093750 0.413542 0.093056 0.314583
S 0.734722 0.191667 0.027778 0.041667
U 0.288194 0.183333 0.198611 0.354167
U 0.340972 0.488542 0.143056 0.202083
E 0.735417 0.353125 0.145833 0.281250
E 0.608333 0.079167 0.038889 0.058333
7 0.848611 0.101042 0.086111 0.181250
7 0.704167 0.608333 0.033333 0.050000
D 0.073611 0.728125 0.133333 0.193750
B 0.258333 0.950000 0.038889 0.058333
B 0.219444 0.745833 0.036111 0.054167
