U 0.833117 0.700000 0.016883 0.037143
U 0.098052 0.670000 0.012987 0.028571
E 0.724026 0.677143 0.016883 0.037143
E 0.187013 0.800000 0.018182 0.040000
J 0.720779 0.831429 0.012987 0.028571
J 0.642857 0.718571 0.038961 0.117143
N 0.293506 0.624286 0.016883 0.037143
N 0.872403 0.112143 0.056494 0.207143
V 0.455195 0.094286 0.015584 0.034286
V 0.431169 0.055714 0.012987 0.028571
2 0.518831 0.761429 0.015584 0.034286
2 0.703571 0.325000 0.077273 0.167143
3 0.854870 0.809286 0.074675 0.132857
3 0.412987 0.257857 0.036364 0.072857
Y 0.139610 0.132143 0.110390 0.227143
Y 0.896104 0.486429 0.088312 0.075714
4 0.018182 0.932857 0.016883 0.037143
4 0.019481 0.207143 0.012987 0.028571
