2 0.535608 0.442222 0.299703 0.213333
2 0.563798 0.748889 0.456973 0.368889
32 0.418398 0.962222 0.059347 0.044444
32 0.439169 0.157778 0.284866 0.146667
31 0.804154 0.502222 0.059347 0.044444
31 0.750742 0.451111 0.059347 0.044444
19 0.302671 0.306667 0.059347 0.044444
19 0.160237 0.601111 0.178042 0.228889
30 0.115727 0.777778 0.059347 0.044444
30 0.833828 0.373333 0.059347 0.044444
3 0.293769 0.897778 0.059347 0.044444
3 0.117211 0.202222 0.216617 0.235556
20 0.685460 0.293333 0.083086 0.062222
20 0.881306 0.928889 0.083086 0.062222
