7 0.758750 0.638577 0.025000 0.037453
7 0.596875 0.449438 0.123750 0.119850
H 0.879375 0.629213 0.111250 0.269663
H 0.025000 0.044944 0.035000 0.052434
9 0.900000 0.280899 0.035000 0.052434
9 0.485000 0.338951 0.025000 0.037453
P 0.885000 0.119850 0.025000 0.037453
P 0.457500 0.589888 0.025000 0.037453
A 0.331250 0.333333 0.025000 0.037453
A 0.132500 0.611423 0.117500 0.297753
0 0.730000 0.887640 0.025000 0.037453
0 0.425625 0.836142 0.228750 0.323970
C 0.283750 0.897004 0.025000 0.037453
C 0.808750 0.161049 0.032500 0.048689
