K 0.589583 0.594720 0.085833 0.186335
K 0.520000 0.805124 0.076667 0.141304
N 0.851667 0.529503 0.016667 0.031056
N 0.857500 0.238354 0.093333 0.125776
X 0.594167 0.315994 0.060000 0.212733
X 0.436667 0.459627 0.020000 0.037267
F 0.385833 0.748447 0.021667 0.040373
F 0.745000 0.321429 0.023333 0.043478
Y 0.411667 0.281056 0.016667 0.031056
Y 0.343333 0.277950 0.021667 0.040373
C 0.738333 0.513975 0.016667 0.031056
C 0.183333 0.599379 0.060000 0.105590
Z 0.430000 0.967391 0.023333 0.043478
Z 0.200417 0.402174 0.110833 0.226708
