20 0.459473 0.526643 0.124023 0.179396
20 0.067383 0.641208 0.093750 0.170515
16 0.321289 0.742451 0.019531 0.035524
16 0.655273 0.900533 0.019531 0.035524
24 0.093750 0.234458 0.019531 0.035524
24 0.438477 0.822380 0.019531 0.035524
6 0.317383 0.845471 0.027344 0.049734
6 0.939453 0.888099 0.021484 0.039076
21 0.826172 0.811723 0.019531 0.035524
21 0.647461 0.055062 0.025391 0.046181
3 0.622070 0.671403 0.103516 0.110124
3 0.796875 0.619005 0.082031 0.211368
25 0.468750 0.879218 0.025391 0.046181
25 0.145508 0.195382 0.019531 0.035524
13 0.367188 0.198934 0.025391 0.046181
13 0.446289 0.188277 0.021484 0.039076
