M 0.195556 0.115556 0.106667 0.106667
M 0.177778 0.631111 0.088889 0.088889
B 0.253333 0.346667 0.097778 0.097778
B 0.573333 0.720000 0.106667 0.106667
0 0.133333 0.457778 0.115556 0.115556
C 0.617778 0.193333 0.231111 0.226667
C 0.551111 0.831111 0.115556 0.115556
N 0.066667 0.924444 0.088889 0.088889
H 0.795556 0.155556 0.106667 0.106667
H 0.846667 0.595556 0.297778 0.533333
7 0.168889 0.933333 0.088889 0.088889
7 0.591111 0.533333 0.097778 0.097778
V 0.386667 0.288889 0.106667 0.106667
R 0.435556 0.524444 0.097778 0.097778
R 0.555556 0.417778 0.088889 0.088889
