V 0.102222 0.551111 0.088889 0.088889
V 0.817778 0.804444 0.106667 0.106667
H 0.342222 0.146667 0.115556 0.115556
H 0.655556 0.426667 0.422222 0.604444
B 0.377778 0.711111 0.088889 0.088889
B 0.937778 0.773333 0.115556 0.115556
3 0.222222 0.164444 0.124444 0.124444
3 0.071111 0.817778 0.097778 0.097778
9 0.733333 0.928889 0.106667 0.106667
L 0.195556 0.288889 0.115556 0.115556
L 0.897778 0.066667 0.115556 0.115556
0 0.257778 0.604444 0.106667 0.106667
Z 0.506667 0.906667 0.124444 0.124444
T 0.631111 0.800000 0.124444 0.124444
