Q 0.697754 0.830078 0.145508 0.140625
Q 0.905273 0.483398 0.019531 0.019531
Z 0.879883 0.080078 0.019531 0.019531
Z 0.413574 0.961426 0.143555 0.071289
1 0.504883 0.128906 0.083984 0.068359
1 0.295898 0.321289 0.019531 0.019531
Y 0.621094 0.087891 0.019531 0.019531
Y 0.257812 0.266602 0.023438 0.023438
X 0.505859 0.820312 0.082031 0.121094
X 0.738281 0.626953 0.113281 0.140625
F 0.083008 0.371094 0.021484 0.021484
F 0.677734 0.417969 0.019531 0.019531
S 0.387695 0.600098 0.146484 0.155273
S 0.861328 0.369141 0.019531 0.019531
C 0.215332 0.171875 0.098633 0.126953
C 0.399414 0.143555 0.023438 0.023438
J 0.778320 0.463867 0.021484 0.021484
J 0.651367 0.527344 0.019531 0.019531
