30 0.636719 0.408555 0.012695 0.019174
30 0.613281 0.556785 0.009766 0.014749
4 0.398926 0.370206 0.071289 0.073746
4 0.250732 0.834071 0.083496 0.103245
14 0.475098 0.379056 0.009766 0.014749
14 0.668945 0.870206 0.009766 0.014749
33 0.883545 0.514012 0.076660 0.116519
33 0.629883 0.541298 0.012695 0.019174
18 0.189941 0.158555 0.009766 0.014749
18 0.073242 0.834440 0.073242 0.037611
26 0.223145 0.325221 0.011719 0.017699
26 0.112549 0.547935 0.061035 0.054572
28 0.432617 0.634218 0.012695 0.019174
28 0.646484 0.779499 0.009766 0.014749
27 0.449219 0.809735 0.009766 0.014749
27 0.976562 0.432891 0.009766 0.014749
24 0.799561 0.345133 0.076660 0.098820
24 0.189209 0.055310 0.054199 0.041298
