L 0.864011 0.090417 0.038462 0.021638
L 0.767857 0.180062 0.035714 0.020093
M 0.791209 0.011592 0.038462 0.021638
M 0.768544 0.937403 0.094780 0.054096
C 0.124313 0.096600 0.185440 0.060278
C 0.535027 0.652241 0.070055 0.055641
R 0.252060 0.685858 0.185440 0.099691
R 0.825549 0.298300 0.027473 0.015456
1 0.243132 0.497295 0.120879 0.078053
1 0.052198 0.015456 0.027473 0.015456
3 0.745879 0.503864 0.027473 0.015456
3 0.340659 0.115920 0.203297 0.095827
N 0.769918 0.601623 0.210165 0.076507
N 0.377747 0.513138 0.142857 0.109737
Y 0.607143 0.478362 0.129121 0.092736
Y 0.780220 0.985317 0.027473 0.015456
4 0.550824 0.548686 0.032967 0.018547
4 0.927198 0.373261 0.027473 0.015456
H 0.445055 0.317620 0.027473 0.015456
H 0.125687 0.335008 0.177198 0.081144
