Q 0.890625 0.111328 0.203125 0.160156
Q 0.605469 0.470052 0.132812 0.187500
U 0.514648 0.666667 0.166016 0.098958
U 0.150391 0.194010 0.171875 0.161458
1 0.632812 0.082682 0.210938 0.131510
1 0.132812 0.649740 0.218750 0.117188
8 0.226562 0.403646 0.054688 0.036458
8 0.578125 0.966146 0.046875 0.031250
K 0.021484 0.893229 0.039062 0.026042
K 0.429688 0.873047 0.195312 0.144531
0 0.568359 0.276693 0.296875 0.167969
0 0.150391 0.858073 0.039062 0.026042
A 0.797852 0.800781 0.150391 0.158854
A 0.146484 0.501953 0.269531 0.108073
V 0.855469 0.527995 0.281250 0.139323
V 0.898438 0.247396 0.039062 0.026042
4 0.862305 0.370443 0.201172 0.115885
