33 0.035156 0.967188 0.019531 0.015625
33 0.164062 0.378906 0.025391 0.020313
26 0.531738 0.253516 0.153320 0.138281
26 0.861328 0.227734 0.089844 0.071094
24 0.771484 0.081641 0.130859 0.108594
24 0.662109 0.584375 0.027344 0.021875
10 0.311523 0.258984 0.068359 0.067969
10 0.212402 0.903516 0.084961 0.047656
14 0.742676 0.209766 0.122070 0.086719
14 0.816406 0.303906 0.019531 0.015625
30 0.520020 0.879297 0.106445 0.102344
30 0.874512 0.674609 0.161133 0.103906
11 0.382812 0.479688 0.019531 0.015625
11 0.791992 0.911719 0.019531 0.015625
