0 0.802734 0.284192 0.025391 0.046181
0 0.571289 0.470693 0.019531 0.035524
25 0.573730 0.874778 0.090820 0.186501
25 0.187012 0.816163 0.096680 0.158082
26 0.110352 0.708703 0.021484 0.039076
26 0.096680 0.429840 0.021484 0.039076
27 0.637695 0.202487 0.117188 0.266430
27 0.773438 0.554174 0.019531 0.035524
1 0.365234 0.275311 0.023438 0.042629
1 0.522461 0.626998 0.019531 0.035524
33 0.899414 0.664298 0.148438 0.284192
33 0.220215 0.150089 0.145508 0.094139
4 0.384766 0.721137 0.123047 0.291297
4 0.833984 0.896092 0.072266 0.140320
