Q 0.778125 0.989815 0.010417 0.018519
Q 0.560417 0.197222 0.014583 0.025926
R 0.106250 0.547222 0.013542 0.024074
R 0.442188 0.135185 0.012500 0.022222
5 0.722656 0.148611 0.053646 0.115741
5 0.977083 0.409259 0.043750 0.046296
B 0.218229 0.751852 0.010417 0.018519
B 0.930208 0.025926 0.027083 0.048148
D 0.803125 0.281481 0.012500 0.022222
D 0.085417 0.857407 0.044792 0.059259
L 0.596875 0.203704 0.012500 0.022222
L 0.044792 0.607407 0.014583 0.025926
N 0.217708 0.923611 0.040625 0.115741
N 0.567969 0.441204 0.045312 0.078704
