J 0.293956 0.039413 0.035714 0.020093
J 0.320055 0.372488 0.027473 0.015456
P 0.388049 0.243818 0.116758 0.040958
P 0.839286 0.268934 0.173077 0.097372
6 0.625687 0.179675 0.122253 0.095054
6 0.585165 0.850077 0.107143 0.092736
X 0.571429 0.646059 0.162088 0.111283
X 0.846154 0.615147 0.027473 0.015456
V 0.454670 0.301391 0.035714 0.020093
V 0.475275 0.054096 0.162088 0.078825
S 0.983516 0.057187 0.030220 0.017002
S 0.109203 0.325734 0.108516 0.084235
K 0.140110 0.472952 0.195055 0.069552
K 0.818681 0.661515 0.027473 0.015456
5 0.109890 0.627512 0.030220 0.017002
5 0.747253 0.786708 0.027473 0.015456
H 0.714286 0.708655 0.030220 0.017002
H 0.443681 0.895672 0.027473 0.015456
1 0.317308 0.009274 0.027473 0.015456
1 0.876374 0.870943 0.038462 0.021638
