R 0.441250 0.437361 0.114167 0.083149
R 0.879167 0.104213 0.021667 0.028825
X 0.957500 0.659645 0.016667 0.022173
X 0.632083 0.697894 0.109167 0.149667
F 0.430833 0.965632 0.016667 0.022173
F 0.425833 0.731707 0.016667 0.022173
M 0.096667 0.490022 0.018333 0.024390
M 0.855417 0.176829 0.097500 0.096452
9 0.698333 0.756098 0.016667 0.022173
9 0.170833 0.278271 0.096667 0.108647
N 0.063750 0.185698 0.089167 0.094235
N 0.848333 0.055432 0.016667 0.022173
0 0.310833 0.459534 0.105000 0.087583
0 0.789167 0.072062 0.021667 0.028825
