2 0.324444 0.875556 0.106667 0.106667
2 0.582222 0.662222 0.222222 0.435556
K 0.688889 0.280000 0.115556 0.115556
3 0.537778 0.235556 0.097778 0.097778
3 0.142222 0.093333 0.124444 0.124444
J 0.373333 0.648889 0.088889 0.088889
J 0.408889 0.382222 0.124444 0.124444
R 0.186667 0.826667 0.106667 0.106667
S 0.293333 0.311111 0.088889 0.088889
S 0.235556 0.622222 0.124444 0.124444
Y 0.324444 0.200000 0.088889 0.088889
D 0.182222 0.942222 0.106667 0.106667
D 0.864444 0.680000 0.262222 0.542222
C 0.351111 0.093333 0.088889 0.088889
