26 0.768555 0.727344 0.113281 0.089063
26 0.512695 0.356250 0.021484 0.017188
17 0.487305 0.840625 0.144531 0.114063
17 0.287109 0.403125 0.027344 0.021875
33 0.704102 0.142969 0.019531 0.015625
33 0.971680 0.342188 0.019531 0.015625
16 0.577148 0.068750 0.019531 0.015625
16 0.197266 0.057422 0.101562 0.053906
18 0.075195 0.963281 0.025391 0.020313
18 0.164062 0.113281 0.019531 0.015625
13 0.120117 0.053125 0.021484 0.017188
13 0.086914 0.072656 0.019531 0.015625
24 0.228516 0.689844 0.128906 0.110938
24 0.649902 0.822656 0.083008 0.106250
4 0.932617 0.641406 0.021484 0.017188
4 0.784180 0.130469 0.023438 0.018750
9 0.850586 0.371484 0.146484 0.044531
9 0.295898 0.842969 0.027344 0.021875
19 0.435547 0.141406 0.021484 0.017188
19 0.586914 0.890625 0.019531 0.015625
