S 0.801562 0.083333 0.026042 0.120370
S 0.966667 0.613889 0.013542 0.024074
0 0.131510 0.614352 0.057812 0.095370
0 0.696354 0.326389 0.046875 0.089815
D 0.966667 0.315278 0.055208 0.125000
D 0.714063 0.620370 0.010417 0.018519
W 0.740104 0.691667 0.013542 0.024074
W 0.852604 0.207407 0.012500 0.022222
X 0.131250 0.355093 0.078125 0.056481
X 0.308854 0.893519 0.010417 0.018519
6 0.352083 0.372685 0.081250 0.158333
6 0.463542 0.696296 0.012500 0.022222
M 0.619792 0.206481 0.010417 0.018519
M 0.681250 0.568519 0.056250 0.085185
C 0.856771 0.298148 0.010417 0.018519
C 0.421354 0.077778 0.010417 0.018519
P 0.900521 0.300000 0.010417 0.018519
P 0.195833 0.239352 0.066667 0.141667
1 0.107031 0.209259 0.036979 0.135185
1 0.547135 0.481944 0.049479 0.073148
