H 0.241667 0.604167 0.072917 0.150926
H 0.447396 0.160185 0.012500 0.022222
5 0.370833 0.154630 0.014583 0.025926
5 0.891146 0.612037 0.011458 0.020370
4 0.923958 0.741667 0.012500 0.022222
4 0.649219 0.739352 0.068229 0.082407
W 0.793229 0.989815 0.010417 0.018519
W 0.763542 0.394444 0.010417 0.018519
K 0.901302 0.499074 0.059896 0.111111
K 0.989583 0.206481 0.013542 0.024074
1 0.620052 0.314352 0.041146 0.106481
1 0.283854 0.690741 0.011458 0.020370
F 0.515104 0.602778 0.087500 0.146296
F 0.853125 0.190741 0.012500 0.022222
