J 0.915000 0.122671 0.018333 0.034161
J 0.869167 0.326087 0.016667 0.031056
X 0.909167 0.544255 0.066667 0.125776
X 0.201250 0.869565 0.112500 0.127329
B 0.302500 0.568323 0.121667 0.198758
B 0.564167 0.965839 0.020000 0.037267
R 0.495833 0.649845 0.063333 0.222050
R 0.491250 0.131988 0.105833 0.204969
D 0.750417 0.555901 0.102500 0.232919
D 0.705833 0.829193 0.018333 0.034161
P 0.164583 0.433230 0.079167 0.229814
P 0.302500 0.251553 0.046667 0.130435
C 0.611667 0.690217 0.096667 0.135093
C 0.819167 0.714286 0.016667 0.031056
3 0.128750 0.098602 0.074167 0.144410
3 0.355000 0.818323 0.115000 0.220497
