6 0.244444 0.837500 0.038889 0.058333
6 0.463194 0.672917 0.181944 0.262500
H 0.951389 0.145833 0.027778 0.041667
H 0.795833 0.783333 0.197222 0.300000
7 0.386111 0.179167 0.030556 0.045833
7 0.752778 0.533333 0.038889 0.058333
B 0.125000 0.540625 0.111111 0.260417
B 0.644444 0.320833 0.036111 0.054167
X 0.036806 0.173958 0.073611 0.172917
X 0.426389 0.085417 0.027778 0.041667
V 0.098611 0.322917 0.027778 0.041667
V 0.371528 0.397917 0.145833 0.195833
0 0.101389 0.752083 0.027778 0.041667
0 0.809722 0.343750 0.236111 0.316667
N 0.036111 0.916667 0.033333 0.050000
N 0.204861 0.182292 0.162500 0.277083
G 0.027778 0.052083 0.036111 0.054167
G 0.538194 0.289583 0.159722 0.262500
9 0.572222 0.816667 0.036111 0.054167
9 0.469444 0.512500 0.027778 0.041667
