0 0.620000 0.498008 0.590000 0.573705
0 0.120000 0.912351 0.140000 0.111554
C 0.560000 0.864542 0.140000 0.111554
C 0.195000 0.529880 0.100000 0.079681
E 0.130000 0.195219 0.120000 0.095618
5 0.240000 0.386454 0.140000 0.111554
5 0.715000 0.908367 0.130000 0.103586
A 0.900000 0.039841 0.100000 0.079681
A 0.260000 0.067729 0.100000 0.079681
X 0.260000 0.864542 0.140000 0.111554
X 0.770000 0.079681 0.140000 0.111554
P 0.550000 0.107570 0.100000 0.079681
Z 0.210000 0.745020 0.100000 0.079681
Z 0.055000 0.529880 0.100000 0.079681
M 0.095000 0.717131 0.130000 0.103586
