A 0.091797 0.553819 0.019531 0.034722
A 0.583984 0.374132 0.078125 0.196181
Y 0.150391 0.588542 0.021484 0.038194
Y 0.900391 0.779514 0.021484 0.038194
E 0.804688 0.779514 0.019531 0.034722
E 0.809082 0.633681 0.120117 0.180556
2 0.687988 0.355903 0.124023 0.173611
2 0.944336 0.286458 0.019531 0.034722
Q 0.360840 0.796007 0.157227 0.262153
Q 0.367188 0.440104 0.070312 0.223958
Z 0.479492 0.612847 0.023438 0.041667
Z 0.123047 0.819444 0.023438 0.041667
1 0.914551 0.184028 0.088867 0.135417
1 0.560547 0.565972 0.019531 0.034722
8 0.174316 0.266493 0.106445 0.196181
8 0.700684 0.658854 0.081055 0.182292
3 0.737305 0.157118 0.125000 0.217014
3 0.622070 0.800347 0.064453 0.156250
