14 0.537313 0.597610 0.129353 0.103586
14 0.348259 0.099602 0.139303 0.111554
5 0.477612 0.928287 0.099502 0.079681
5 0.661692 0.099602 0.099502 0.079681
11 0.482587 0.348606 0.587065 0.386454
11 0.393035 0.629482 0.109453 0.087649
28 0.803483 0.802789 0.393035 0.330677
26 0.457711 0.756972 0.099502 0.079681
26 0.149254 0.948207 0.129353 0.103586
10 0.293532 0.896414 0.099502 0.079681
1 0.840796 0.155378 0.099502 0.079681
1 0.253731 0.625498 0.129353 0.103586
25 0.089552 0.306773 0.119403 0.095618
