X 0.493333 0.164444 0.106667 0.106667
X 0.802222 0.295556 0.253333 0.386667
1 0.428889 0.682222 0.360000 0.617778
G 0.062222 0.800000 0.088889 0.088889
G 0.337778 0.275556 0.088889 0.088889
N 0.102222 0.226667 0.088889 0.088889
N 0.160000 0.524444 0.115556 0.115556
8 0.808889 0.671111 0.088889 0.088889
8 0.546667 0.311111 0.088889 0.088889
5 0.760000 0.875556 0.088889 0.088889
5 0.173333 0.400000 0.115556 0.115556
F 0.951111 0.613333 0.088889 0.088889
W 0.595556 0.124444 0.088889 0.088889
E 0.151111 0.684444 0.115556 0.115556
E 0.862222 0.924444 0.097778 0.097778
7 0.671111 0.680000 0.115556 0.115556
