23 0.461111 0.643333 0.013333 0.020000
23 0.292778 0.610833 0.011111 0.016667
16 0.218611 0.559167 0.073889 0.088333
16 0.880556 0.241667 0.078889 0.080000
31 0.841111 0.565833 0.011111 0.016667
31 0.516944 0.408333 0.079444 0.105000
9 0.448889 0.965833 0.014444 0.021667
9 0.742222 0.812500 0.011111 0.016667
5 0.178333 0.309167 0.011111 0.016667
5 0.393889 0.172917 0.087778 0.075833
1 0.113056 0.512500 0.043889 0.115000
1 0.463333 0.438333 0.011111 0.016667
10 0.895278 0.704583 0.068333 0.120833
10 0.580000 0.381667 0.011111 0.016667
27 0.267222 0.459167 0.012222 0.018333
27 0.399444 0.745000 0.014444 0.021667
21 0.705000 0.619583 0.078889 0.090833
21 0.443056 0.828750 0.073889 0.050833
