33 0.584028 0.402083 0.151389 0.283333
33 0.747222 0.389583 0.027778 0.041667
25 0.405556 0.325000 0.038889 0.058333
25 0.101389 0.718750 0.027778 0.041667
24 0.552083 0.090625 0.101389 0.118750
24 0.224306 0.141667 0.140278 0.204167
12 0.677778 0.568750 0.033333 0.050000
12 0.454167 0.168750 0.038889 0.058333
0 0.747222 0.612500 0.027778 0.041667
0 0.790278 0.504167 0.036111 0.054167
26 0.590278 0.839583 0.030556 0.045833
26 0.537500 0.589583 0.027778 0.041667
2 0.295833 0.516667 0.027778 0.041667
2 0.315972 0.751042 0.184722 0.277083
6 0.094444 0.391667 0.102778 0.266667
6 0.031944 0.702083 0.038889 0.058333
