17 0.497778 0.308889 0.426667 0.226667
17 0.342222 0.502222 0.088889 0.088889
33 0.262222 0.704444 0.302222 0.235556
0 0.786667 0.568889 0.106667 0.106667
0 0.471111 0.546667 0.088889 0.088889
3 0.284444 0.057778 0.097778 0.097778
32 0.777778 0.693333 0.115556 0.115556
32 0.866667 0.275556 0.115556 0.115556
25 0.595556 0.493333 0.106667 0.106667
25 0.186667 0.426667 0.088889 0.088889
28 0.413333 0.933333 0.124444 0.124444
28 0.742222 0.120000 0.097778 0.097778
24 0.084444 0.933333 0.088889 0.088889
24 0.893333 0.053333 0.097778 0.097778
