1 0.915417 0.814856 0.115833 0.126386
1 0.090417 0.600887 0.160833 0.206208
E 0.317917 0.585920 0.104167 0.111973
E 0.377500 0.344789 0.123333 0.172949
N 0.807083 0.237805 0.075833 0.105322
N 0.445417 0.162417 0.077500 0.072062
B 0.446667 0.739468 0.153333 0.210643
B 0.412500 0.961197 0.125000 0.066519
6 0.034167 0.830377 0.021667 0.028825
6 0.537500 0.429047 0.055000 0.104213
8 0.279167 0.746120 0.018333 0.024390
8 0.182500 0.640798 0.023333 0.031042
D 0.133333 0.774945 0.023333 0.031042
D 0.881667 0.096452 0.021667 0.028825
