C 0.654167 0.600926 0.047917 0.137037
C 0.094792 0.036111 0.010417 0.018519
3 0.564063 0.375926 0.014583 0.025926
3 0.311458 0.171296 0.083333 0.129630
V 0.658333 0.240741 0.047917 0.109259
V 0.945312 0.286111 0.013542 0.024074
T 0.195052 0.343519 0.054688 0.118519
T 0.090104 0.500000 0.039583 0.068519
J 0.056250 0.584259 0.010417 0.018519
J 0.086458 0.370370 0.013542 0.024074
U 0.386458 0.934259 0.012500 0.022222
U 0.081250 0.763889 0.012500 0.022222
4 0.364844 0.810648 0.081771 0.141667
4 0.590104 0.143519 0.057292 0.112963
A 0.693750 0.468519 0.012500 0.022222
A 0.853125 0.319444 0.013542 0.024074
