5 0.133696 0.096712 0.026087 0.046422
5 0.347826 0.927466 0.130435 0.117988
F 0.510870 0.162476 0.141304 0.189555
F 0.845109 0.750484 0.103261 0.278530
E 0.531522 0.541586 0.108696 0.251451
E 0.904348 0.176015 0.021739 0.038685
R 0.188043 0.528046 0.163043 0.239845
R 0.018478 0.804642 0.021739 0.038685
L 0.770652 0.593810 0.026087 0.046422
L 0.755435 0.413926 0.130435 0.297872
A 0.178804 0.282398 0.175000 0.212766
A 0.725000 0.813346 0.123913 0.226306
P 0.288043 0.499033 0.030435 0.054159
P 0.205435 0.754352 0.056522 0.201161
