K 0.062500 0.220247 0.092033 0.085008
K 0.726648 0.529366 0.032967 0.018547
U 0.902473 0.750386 0.027473 0.015456
U 0.896978 0.907264 0.027473 0.015456
R 0.194368 0.095827 0.072802 0.069552
R 0.960165 0.819165 0.027473 0.015456
5 0.917582 0.770479 0.027473 0.015456
5 0.655907 0.080757 0.130495 0.065688
H 0.267857 0.546368 0.027473 0.015456
H 0.322115 0.634853 0.174451 0.078053
7 0.699176 0.176971 0.027473 0.015456
7 0.342033 0.273570 0.151099 0.041731
3 0.618132 0.741886 0.192308 0.066461
3 0.842033 0.857805 0.032967 0.018547
W 0.111951 0.501159 0.171703 0.121329
W 0.798077 0.634853 0.167582 0.105873
E 0.648352 0.976816 0.030220 0.017002
E 0.800824 0.063756 0.076923 0.047141
X 0.546703 0.050232 0.035714 0.020093
X 0.589286 0.321484 0.027473 0.015456
