N 0.110185 0.419444 0.187037 0.253704
N 0.912963 0.394444 0.040741 0.040741
P 0.102778 0.740741 0.109259 0.255556
P 0.320370 0.770370 0.044444 0.044444
0 0.896296 0.287037 0.048148 0.048148
0 0.718519 0.774074 0.037037 0.037037
U 0.822222 0.850000 0.037037 0.037037
U 0.590741 0.392593 0.048148 0.048148
R 0.337037 0.590741 0.037037 0.037037
R 0.568519 0.205556 0.285185 0.325926
S 0.762037 0.593519 0.231481 0.138889
S 0.519444 0.736111 0.231481 0.253704
3 0.209259 0.119444 0.255556 0.172222
3 0.862037 0.116667 0.268519 0.185185
1 0.175926 0.574074 0.044444 0.044444
1 0.333333 0.384259 0.151852 0.275926
