K 0.625649 0.817857 0.075974 0.181429
K 0.532468 0.455714 0.012987 0.028571
7 0.199026 0.888571 0.037013 0.091429
7 0.367532 0.352857 0.015584 0.034286
J 0.064286 0.357143 0.012987 0.028571
J 0.857143 0.338571 0.015584 0.034286
X 0.549351 0.434286 0.016883 0.037143
X 0.474026 0.854286 0.016883 0.037143
W 0.147403 0.555714 0.107792 0.245714
W 0.906494 0.374286 0.016883 0.037143
U 0.943506 0.634286 0.015584 0.034286
U 0.561688 0.471429 0.012987 0.028571
Y 0.263312 0.625714 0.075974 0.188571
Y 0.897078 0.151429 0.069481 0.131429
0 0.666883 0.255714 0.014286 0.031429
0 0.816883 0.837143 0.076623 0.137143
A 0.844156 0.092857 0.016883 0.037143
A 0.774026 0.747143 0.014286 0.031429
