9 0.140625 0.269062 0.052917 0.089375
9 0.731042 0.370938 0.034583 0.066875
19 0.460833 0.105938 0.030833 0.073125
19 0.411667 0.063750 0.010833 0.016250
21 0.437500 0.181250 0.009167 0.013750
21 0.759375 0.902500 0.038750 0.060000
17 0.528958 0.709375 0.034583 0.046250
17 0.592083 0.275000 0.008333 0.012500
0 0.260000 0.952500 0.010833 0.016250
0 0.055000 0.385313 0.056667 0.041875
15 0.783750 0.790625 0.011667 0.017500
15 0.517917 0.640000 0.011667 0.017500
1 0.210208 0.322500 0.037083 0.060000
1 0.314167 0.921250 0.010000 0.015000
18 0.702500 0.103125 0.027500 0.068750
18 0.373750 0.588125 0.008333 0.012500
33 0.665417 0.166250 0.008333 0.012500
33 0.184583 0.218750 0.009167 0.013750
