E 0.013672 0.971239 0.012695 0.019174
E 0.550293 0.091445 0.013672 0.020649
T 0.174805 0.015487 0.009766 0.014749
T 0.739258 0.516962 0.009766 0.014749
4 0.804199 0.192478 0.012695 0.019174
4 0.770752 0.620944 0.062988 0.110619
W 0.829346 0.919617 0.024902 0.094395
W 0.383545 0.353982 0.034668 0.054572
J 0.268066 0.771386 0.076172 0.115044
J 0.493652 0.858407 0.009766 0.014749
H 0.148926 0.296829 0.033203 0.068584
H 0.712402 0.936209 0.061523 0.080383
9 0.290527 0.370944 0.048828 0.076696
9 0.659180 0.306785 0.013672 0.020649
R 0.295166 0.159292 0.067871 0.101770
R 0.585693 0.163717 0.047363 0.089971
A 0.164062 0.655605 0.009766 0.014749
A 0.426758 0.817109 0.013672 0.020649
U 0.852539 0.367257 0.026367 0.070796
U 0.460938 0.477876 0.009766 0.014749
