C 0.381868 0.612056 0.027473 0.015456
C 0.177198 0.966770 0.038462 0.021638
V 0.581044 0.297141 0.211538 0.101236
V 0.273352 0.636785 0.027473 0.015456
4 0.060440 0.681607 0.027473 0.015456
4 0.322115 0.737249 0.163462 0.089645
D 0.269231 0.083462 0.027473 0.015456
D 0.570055 0.816074 0.032967 0.018547
9 0.539835 0.051777 0.118132 0.071097
9 0.195055 0.384080 0.027473 0.015456
S 0.203297 0.016229 0.027473 0.015456
S 0.697115 0.079598 0.185440 0.071097
F 0.306319 0.674652 0.027473 0.015456
F 0.358516 0.297141 0.181319 0.091963
