P 0.343831 0.552143 0.091558 0.135714
P 0.823377 0.485714 0.012987 0.028571
X 0.531169 0.572857 0.012987 0.028571
X 0.193506 0.336429 0.061039 0.158571
M 0.653896 0.745714 0.012987 0.028571
M 0.699351 0.461429 0.075325 0.128571
C 0.448052 0.136429 0.049351 0.107143
C 0.705844 0.965714 0.014286 0.031429
7 0.670779 0.265000 0.058442 0.124286
7 0.802597 0.705714 0.012987 0.028571
3 0.209740 0.660000 0.094805 0.182857
3 0.258442 0.841429 0.012987 0.028571
0 0.966234 0.530000 0.057143 0.128571
0 0.137013 0.971429 0.015584 0.034286
U 0.327922 0.201429 0.087013 0.085714
U 0.583117 0.600000 0.016883 0.037143
B 0.106818 0.798571 0.088961 0.128571
B 0.887013 0.891429 0.014286 0.031429
