P 0.395556 0.848889 0.088889 0.088889
P 0.635556 0.177778 0.088889 0.088889
4 0.791111 0.302222 0.124444 0.124444
4 0.704444 0.753333 0.528889 0.493333
5 0.586667 0.306667 0.115556 0.115556
D 0.275556 0.262222 0.088889 0.088889
D 0.377778 0.311111 0.088889 0.088889
Q 0.120000 0.106667 0.088889 0.088889
R 0.206667 0.497778 0.333333 0.275556
R 0.328889 0.937778 0.088889 0.088889
1 0.933333 0.231111 0.124444 0.124444
A 0.151111 0.284444 0.106667 0.106667
A 0.466667 0.240000 0.088889 0.088889
E 0.462222 0.444444 0.097778 0.097778
N 0.791111 0.044444 0.088889 0.088889
