Q 0.434783 0.159420 0.043478 0.072464
Q 0.026087 0.934783 0.043478 0.072464
V 0.868478 0.706522 0.228261 0.231884
V 0.478261 0.630435 0.108696 0.485507
0 0.208696 0.601449 0.043478 0.072464
0 0.282609 0.615942 0.043478 0.072464
F 0.768478 0.286232 0.215217 0.456522
F 0.254348 0.387681 0.278261 0.224638
W 0.113043 0.695652 0.043478 0.072464
2 0.583696 0.215580 0.128261 0.336957
2 0.165217 0.731884 0.043478 0.072464
E 0.163043 0.963768 0.043478 0.072464
E 0.167391 0.132246 0.126087 0.257246
6 0.965217 0.278986 0.043478 0.072464
6 0.597826 0.688406 0.043478 0.072464
Y 0.445652 0.264493 0.043478 0.072464
