S 0.377500 0.415730 0.035000 0.052434
S 0.045000 0.632959 0.032500 0.048689
4 0.087500 0.833333 0.035000 0.052434
4 0.607500 0.889513 0.122500 0.172285
6 0.880000 0.461610 0.102500 0.166667
6 0.682500 0.386704 0.207500 0.331461
Y 0.243750 0.089888 0.025000 0.037453
Y 0.890000 0.651685 0.147500 0.164794
R 0.666250 0.711610 0.025000 0.037453
R 0.210000 0.745318 0.117500 0.277154
B 0.297500 0.460674 0.025000 0.037453
B 0.474375 0.480337 0.116250 0.151685
K 0.190000 0.061798 0.027500 0.041199
K 0.702500 0.681648 0.025000 0.037453
