4 0.946104 0.641429 0.012987 0.028571
4 0.949675 0.434286 0.094156 0.122857
3 0.755519 0.143571 0.082468 0.147143
3 0.303247 0.171429 0.018182 0.040000
H 0.575325 0.414286 0.012987 0.028571
H 0.140584 0.617143 0.077273 0.211429
C 0.066234 0.935714 0.042857 0.111429
C 0.717532 0.574286 0.016883 0.037143
Y 0.462013 0.504286 0.048701 0.108571
Y 0.267857 0.725000 0.060390 0.121429
R 0.643506 0.747143 0.015584 0.034286
R 0.716558 0.392143 0.072078 0.104286
K 0.279221 0.504286 0.015584 0.034286
K 0.159091 0.471429 0.012987 0.028571
Z 0.205844 0.797143 0.018182 0.040000
Z 0.366883 0.665714 0.124675 0.257143
A 0.024026 0.332857 0.018182 0.040000
A 0.803896 0.337143 0.012987 0.028571
