A 0.946588 0.484444 0.077151 0.057778
A 0.584570 0.488889 0.059347 0.044444
6 0.780415 0.606667 0.083086 0.062222
6 0.471810 0.323333 0.195846 0.282222
S 0.934718 0.404444 0.059347 0.044444
S 0.299703 0.195556 0.059347 0.044444
B 0.372404 0.774444 0.477745 0.344444
B 0.805638 0.192222 0.299703 0.268889
E 0.409496 0.497778 0.083086 0.062222
E 0.780415 0.471111 0.077151 0.057778
V 0.373887 0.031111 0.071217 0.053333
V 0.062315 0.917778 0.083086 0.062222
8 0.175074 0.378889 0.178042 0.113333
8 0.777448 0.873333 0.320475 0.253333
H 0.258160 0.126667 0.059347 0.044444
