4 0.363529 0.947269 0.023529 0.037665
4 0.182353 0.274953 0.023529 0.037665
D 0.869412 0.552731 0.098824 0.201507
D 0.104118 0.640301 0.107059 0.267420
V 0.072941 0.237288 0.129412 0.248588
V 0.890588 0.269303 0.023529 0.037665
7 0.688824 0.820151 0.161176 0.220339
7 0.481176 0.446328 0.023529 0.037665
A 0.775294 0.681733 0.028235 0.045198
A 0.261765 0.679849 0.147059 0.237288
6 0.194118 0.323917 0.023529 0.037665
6 0.448235 0.841808 0.032941 0.052731
U 0.824706 0.274011 0.103529 0.254237
U 0.530588 0.370998 0.023529 0.037665
