V 0.478125 0.030556 0.010417 0.018519
V 0.930469 0.268056 0.070312 0.089815
K 0.378646 0.214815 0.010417 0.018519
K 0.805208 0.262963 0.010417 0.018519
C 0.253646 0.515741 0.010417 0.018519
C 0.443229 0.781019 0.050000 0.134259
X 0.384115 0.409259 0.040104 0.070370
X 0.861458 0.245370 0.010417 0.018519
3 0.263021 0.869444 0.011458 0.020370
3 0.281510 0.612037 0.030729 0.092593
M 0.932292 0.434259 0.072917 0.114815
M 0.404687 0.724074 0.010417 0.018519
1 0.378385 0.597685 0.032813 0.060185
1 0.806771 0.111574 0.057292 0.089815
H 0.305208 0.627778 0.013542 0.024074
H 0.317969 0.918519 0.033854 0.131481
