H 0.011719 0.834961 0.019531 0.019531
H 0.572266 0.976562 0.021484 0.021484
0 0.297852 0.458984 0.023438 0.023438
0 0.460449 0.543457 0.083008 0.065430
V 0.372070 0.636230 0.119141 0.075195
V 0.958984 0.686523 0.019531 0.019531
X 0.947266 0.315430 0.019531 0.019531
X 0.491211 0.231445 0.019531 0.019531
5 0.603027 0.406250 0.057617 0.091797
5 0.533203 0.774902 0.111328 0.147461
L 0.886719 0.138672 0.179688 0.179688
L 0.952148 0.750977 0.019531 0.019531
8 0.505859 0.642578 0.019531 0.019531
8 0.563477 0.149902 0.060547 0.141602
