Q 0.504000 0.400000 0.122667 0.134000
Q 0.040000 0.051000 0.026667 0.020000
C 0.745333 0.327000 0.026667 0.020000
C 0.318667 0.213000 0.026667 0.020000
G 0.254667 0.849000 0.034667 0.026000
G 0.462000 0.816500 0.180000 0.097000
9 0.758667 0.547000 0.026667 0.020000
9 0.793333 0.122500 0.122667 0.127000
K 0.300000 0.243000 0.026667 0.020000
K 0.131333 0.222000 0.185333 0.142000
H 0.216000 0.551000 0.093333 0.066000
H 0.674667 0.695000 0.093333 0.112000
2 0.784000 0.010000 0.026667 0.020000
2 0.538000 0.948000 0.089333 0.076000
D 0.825333 0.881000 0.242667 0.186000
D 0.150667 0.690000 0.168000 0.166000
5 0.050000 0.424500 0.078667 0.083000
5 0.693333 0.409000 0.216000 0.130000
