W 0.262695 0.775391 0.093750 0.123047
W 0.710938 0.464844 0.023438 0.023438
6 0.147461 0.315430 0.023438 0.023438
6 0.690918 0.935547 0.081055 0.115234
U 0.804688 0.607422 0.019531 0.019531
U 0.853027 0.048340 0.108398 0.084961
D 0.895508 0.721191 0.119141 0.073242
D 0.732910 0.783691 0.133789 0.102539
1 0.856445 0.503906 0.019531 0.019531
1 0.333984 0.689453 0.019531 0.019531
J 0.633789 0.769531 0.023438 0.023438
J 0.264160 0.253906 0.086914 0.066406
C 0.411133 0.650391 0.019531 0.019531
C 0.084961 0.047852 0.019531 0.019531
5 0.396973 0.092285 0.129883 0.129883
5 0.541016 0.751953 0.019531 0.019531
