B 0.495833 0.104167 0.027778 0.041667
B 0.090972 0.566667 0.115278 0.191667
U 0.867361 0.701042 0.231944 0.377083
U 0.725000 0.310417 0.038889 0.058333
H 0.147222 0.184375 0.077778 0.143750
H 0.416667 0.191667 0.027778 0.041667
R 0.494444 0.632292 0.141667 0.289583
R 0.937500 0.291667 0.038889 0.058333
J 0.186806 0.837500 0.087500 0.295833
J 0.165278 0.654167 0.027778 0.041667
7 0.622222 0.183333 0.027778 0.041667
7 0.326389 0.104167 0.030556 0.045833
4 0.187500 0.525000 0.027778 0.041667
4 0.176389 0.456250 0.030556 0.045833
Q 0.381944 0.154167 0.038889 0.058333
Q 0.440278 0.022917 0.027778 0.041667
Z 0.320833 0.368750 0.200000 0.308333
Z 0.605556 0.760417 0.038889 0.058333
K 0.126389 0.914583 0.027778 0.041667
K 0.390278 0.037500 0.038889 0.058333
