L 0.600639 0.323741 0.166134 0.326139
L 0.837061 0.589928 0.031949 0.047962
E 0.031949 0.863309 0.044728 0.067146
E 0.424920 0.388489 0.038339 0.057554
4 0.169329 0.841727 0.031949 0.047962
4 0.376997 0.381295 0.041534 0.062350
G 0.356230 0.659472 0.031949 0.047962
G 0.789137 0.633094 0.035144 0.052758
J 0.136581 0.482014 0.238019 0.321343
J 0.477636 0.570743 0.031949 0.047962
6 0.929712 0.275779 0.031949 0.047962
6 0.654952 0.633094 0.191693 0.278177
U 0.552716 0.940048 0.031949 0.047962
U 0.340256 0.883693 0.162939 0.223022
