9 0.691667 0.314815 0.089583 0.148148
9 0.481510 0.918981 0.066146 0.069444
6 0.422917 0.589352 0.076042 0.134259
6 0.769271 0.583333 0.012500 0.022222
4 0.159635 0.723148 0.069271 0.100000
4 0.943229 0.104630 0.013542 0.024074
L 0.046094 0.275463 0.065104 0.091667
L 0.370573 0.344444 0.059896 0.103704
U 0.133854 0.332870 0.069792 0.060185
U 0.660937 0.222222 0.012500 0.022222
V 0.748958 0.280556 0.013542 0.024074
V 0.070833 0.719444 0.077083 0.088889
Y 0.681250 0.915741 0.013542 0.024074
Y 0.780208 0.132407 0.013542 0.024074
E 0.203646 0.105556 0.072917 0.142593
E 0.388802 0.778241 0.039062 0.078704
X 0.467969 0.237963 0.048438 0.053704
X 0.158594 0.885185 0.054688 0.090741
