Q 0.551758 0.745443 0.283203 0.178385
Q 0.134766 0.148438 0.050781 0.033854
6 0.158203 0.539062 0.046875 0.031250
6 0.795898 0.923177 0.185547 0.148438
F 0.525391 0.133464 0.230469 0.131510
F 0.845703 0.031250 0.039062 0.026042
P 0.882812 0.692708 0.039062 0.026042
P 0.595703 0.476562 0.039062 0.026042
2 0.353516 0.084635 0.039062 0.026042
2 0.607422 0.526042 0.054688 0.036458
E 0.374023 0.563802 0.310547 0.171875
E 0.346680 0.873698 0.115234 0.158854
1 0.712891 0.109375 0.039062 0.026042
1 0.111328 0.446615 0.039062 0.026042
D 0.708008 0.445312 0.181641 0.122396
D 0.729492 0.313151 0.185547 0.126302
Z 0.453125 0.367188 0.125000 0.153646
Z 0.122070 0.351562 0.189453 0.132812
