Z 0.825333 0.430000 0.026667 0.020000
Z 0.244000 0.267000 0.026667 0.020000
J 0.222667 0.740000 0.026667 0.020000
J 0.858667 0.538500 0.192000 0.131000
W 0.629333 0.480000 0.026667 0.020000
W 0.660000 0.630000 0.032000 0.024000
T 0.413333 0.073000 0.029333 0.022000
T 0.219333 0.649500 0.206667 0.151000
H 0.620667 0.730000 0.193333 0.104000
H 0.644000 0.577000 0.093333 0.072000
E 0.602667 0.247000 0.026667 0.020000
E 0.437333 0.971000 0.026667 0.020000
N 0.800667 0.257000 0.094667 0.140000
N 0.232667 0.407000 0.156000 0.148000
2 0.108000 0.281000 0.032000 0.024000
2 0.578000 0.122000 0.257333 0.196000
6 0.774667 0.926000 0.029333 0.022000
6 0.029333 0.726000 0.032000 0.024000
