7 0.416992 0.846359 0.082031 0.214920
7 0.554199 0.197158 0.135742 0.163410
10 0.982422 0.444050 0.025391 0.046181
10 0.811523 0.793073 0.095703 0.101243
32 0.919922 0.365897 0.019531 0.035524
32 0.316406 0.333925 0.136719 0.216696
8 0.669922 0.385435 0.019531 0.035524
8 0.069336 0.698046 0.021484 0.039076
14 0.945312 0.719361 0.025391 0.046181
14 0.235352 0.603908 0.083984 0.120782
28 0.540039 0.058615 0.027344 0.049734
28 0.746094 0.365897 0.019531 0.035524
16 0.117188 0.396092 0.078125 0.216696
16 0.463867 0.213144 0.019531 0.035524
0 0.786621 0.193606 0.161133 0.301954
0 0.739258 0.630551 0.132812 0.088810
