J 0.520000 0.502222 0.088889 0.088889
J 0.484444 0.124444 0.106667 0.106667
M 0.817778 0.200000 0.088889 0.088889
M 0.304444 0.660000 0.315556 0.671111
1 0.893333 0.537778 0.106667 0.106667
1 0.726667 0.833333 0.342222 0.315556
E 0.653333 0.533333 0.106667 0.106667
E 0.786667 0.293333 0.088889 0.088889
C 0.177778 0.231111 0.088889 0.088889
K 0.933333 0.071111 0.106667 0.106667
K 0.946667 0.315556 0.088889 0.088889
6 0.097778 0.595556 0.088889 0.088889
W 0.617778 0.373333 0.115556 0.115556
U 0.293333 0.115556 0.088889 0.088889
U 0.648889 0.257778 0.088889 0.088889
