C 0.617211 0.104444 0.083086 0.062222
C 0.317507 0.324444 0.059347 0.044444
F 0.719585 0.607778 0.353116 0.304444
F 0.342730 0.648889 0.192878 0.142222
E 0.655786 0.822222 0.083086 0.062222
E 0.100890 0.571111 0.083086 0.062222
Q 0.462908 0.053333 0.077151 0.057778
Q 0.774481 0.342222 0.059347 0.044444
L 0.468843 0.860000 0.065282 0.048889
L 0.747774 0.044444 0.059347 0.044444
B 0.181009 0.886667 0.338279 0.208889
P 0.937685 0.495556 0.059347 0.044444
P 0.219585 0.491111 0.065282 0.048889
D 0.688427 0.124444 0.059347 0.044444
D 0.175074 0.062222 0.077151 0.057778
0 0.554896 0.291111 0.350148 0.266667
0 0.851632 0.144444 0.059347 0.044444
A 0.931751 0.093333 0.071217 0.053333
