B 0.611111 0.705357 0.502222 0.535714
B 0.397778 0.238839 0.644444 0.388393
L 0.133333 0.875000 0.106667 0.107143
L 0.208889 0.544643 0.115556 0.116071
5 0.093333 0.745536 0.106667 0.107143
Z 0.911111 0.357143 0.088889 0.089286
Z 0.928889 0.178571 0.088889 0.089286
A 0.288889 0.816964 0.088889 0.089286
A 0.795556 0.325893 0.124444 0.125000
1 0.195556 0.763393 0.088889 0.089286
1 0.933333 0.767857 0.088889 0.089286
U 0.942222 0.562500 0.115556 0.116071
3 0.768889 0.075893 0.088889 0.089286
3 0.315556 0.513393 0.088889 0.089286
K 0.804444 0.183036 0.088889 0.089286
K 0.888889 0.066964 0.097778 0.098214
