V 0.640916 0.699048 0.028612 0.038095
V 0.501431 0.850476 0.210300 0.192381
Y 0.587268 0.336190 0.184549 0.097143
Y 0.484979 0.611429 0.148784 0.278095
F 0.081545 0.672381 0.028612 0.038095
F 0.148784 0.160952 0.143062 0.203810
S 0.743205 0.872381 0.204578 0.251429
S 0.899857 0.478095 0.040057 0.053333
8 0.274678 0.093333 0.028612 0.038095
8 0.200286 0.558095 0.028612 0.038095
D 0.268956 0.694286 0.117310 0.158095
D 0.789700 0.420952 0.160229 0.240000
A 0.271817 0.331429 0.028612 0.038095
A 0.904864 0.773333 0.072961 0.220952
