14 0.166042 0.235313 0.033750 0.054375
14 0.665000 0.093125 0.010000 0.015000
21 0.471667 0.413125 0.043333 0.063750
21 0.759583 0.926875 0.011667 0.017500
23 0.319375 0.946875 0.037083 0.032500
23 0.898750 0.222500 0.050833 0.075000
17 0.365417 0.461562 0.054167 0.093125
17 0.047500 0.360625 0.010000 0.015000
11 0.720208 0.767188 0.033750 0.045625
11 0.303333 0.477813 0.051667 0.060625
22 0.552500 0.423750 0.035833 0.071250
22 0.899583 0.816875 0.010833 0.016250
10 0.810000 0.533750 0.008333 0.012500
10 0.106667 0.236875 0.008333 0.012500
0 0.672083 0.568750 0.039167 0.092500
0 0.515625 0.130625 0.047083 0.095000
