G 0.574815 0.633333 0.035556 0.026667
G 0.819259 0.343333 0.041481 0.031111
Y 0.357037 0.186111 0.198519 0.072222
Y 0.333333 0.885000 0.171852 0.130000
8 0.259259 0.450000 0.035556 0.026667
8 0.642222 0.742222 0.173333 0.180000
V 0.958519 0.055556 0.029630 0.022222
V 0.117778 0.139444 0.167407 0.165556
7 0.085926 0.543333 0.029630 0.022222
7 0.317778 0.270556 0.202963 0.065556
1 0.337778 0.011111 0.029630 0.022222
1 0.894815 0.513333 0.029630 0.022222
W 0.568889 0.156667 0.201481 0.180000
W 0.303704 0.724444 0.198519 0.093333
Q 0.652593 0.509444 0.161481 0.158889
Q 0.797037 0.777778 0.041481 0.031111
