X 0.593750 0.441667 0.093056 0.150000
X 0.827778 0.492708 0.166667 0.202083
J 0.397917 0.781250 0.104167 0.108333
J 0.408333 0.454167 0.027778 0.041667
Z 0.584722 0.560417 0.027778 0.041667
Z 0.225000 0.460417 0.036111 0.054167
F 0.384722 0.207292 0.166667 0.243750
F 0.640278 0.285417 0.027778 0.041667
B 0.912500 0.914583 0.027778 0.041667
B 0.593056 0.300000 0.027778 0.041667
A 0.845833 0.077083 0.027778 0.041667
A 0.356944 0.604167 0.027778 0.041667
K 0.195833 0.740625 0.227778 0.231250
K 0.922222 0.697917 0.027778 0.041667
