0 0.125709 0.241890 0.009452 0.014104
0 0.431474 0.126939 0.009452 0.014104
7 0.889414 0.782087 0.065217 0.077574
7 0.490784 0.265162 0.030718 0.062059
6 0.249291 0.375882 0.068526 0.108604
6 0.396975 0.991537 0.010397 0.015515
31 0.773157 0.530677 0.046314 0.069817
31 0.425803 0.804654 0.009452 0.014104
11 0.185255 0.819464 0.009452 0.014104
11 0.332231 0.418195 0.035917 0.053597
18 0.238894 0.860719 0.039225 0.064175
18 0.447306 0.517983 0.025047 0.072638
15 0.106569 0.733427 0.054348 0.069111
15 0.161153 0.928420 0.069943 0.062764
4 0.652883 0.320169 0.066635 0.084626
4 0.754490 0.216150 0.052457 0.082511
19 0.586720 0.066643 0.054348 0.103667
19 0.654064 0.905148 0.058601 0.076869
28 0.672968 0.600846 0.010397 0.015515
28 0.516541 0.007757 0.009452 0.014104
