X 0.877441 0.714844 0.077148 0.103125
X 0.275391 0.723438 0.085938 0.059375
2 0.676270 0.547266 0.094727 0.066406
2 0.273926 0.837891 0.065430 0.077344
7 0.294922 0.225000 0.101562 0.067187
7 0.315430 0.425781 0.019531 0.015625
T 0.148926 0.756641 0.166992 0.142969
T 0.766602 0.550000 0.019531 0.015625
3 0.215820 0.363672 0.052734 0.113281
3 0.410156 0.678906 0.019531 0.015625
U 0.104492 0.371094 0.119141 0.039062
U 0.048828 0.567969 0.019531 0.015625
1 0.231934 0.500391 0.147461 0.122656
1 0.597656 0.563281 0.023438 0.018750
9 0.057617 0.898047 0.099609 0.099219
9 0.082031 0.074219 0.019531 0.015625
Z 0.935547 0.129688 0.021484 0.017188
Z 0.381348 0.794141 0.081055 0.122656
J 0.867676 0.411328 0.053711 0.080469
J 0.166016 0.595313 0.019531 0.015625
