23 0.440000 0.062222 0.088889 0.088889
23 0.382222 0.588889 0.346667 0.306667
19 0.226667 0.075556 0.124444 0.124444
5 0.084444 0.417778 0.088889 0.088889
31 0.724444 0.384444 0.302222 0.431111
20 0.062222 0.760000 0.124444 0.124444
20 0.217778 0.200000 0.088889 0.088889
17 0.053333 0.204444 0.088889 0.088889
16 0.866667 0.884444 0.088889 0.088889
16 0.320000 0.951111 0.097778 0.097778
8 0.853333 0.688889 0.124444 0.124444
8 0.355556 0.351111 0.106667 0.106667
30 0.728889 0.928889 0.088889 0.088889
12 0.608889 0.080000 0.115556 0.115556
