5 0.815451 0.512381 0.028612 0.038095
5 0.799714 0.944762 0.037196 0.049524
21 0.618026 0.190476 0.028612 0.038095
21 0.128755 0.847619 0.028612 0.038095
26 0.501431 0.736190 0.175966 0.272381
26 0.214592 0.494286 0.114449 0.295238
3 0.861230 0.845714 0.028612 0.038095
3 0.262518 0.876190 0.210300 0.240000
16 0.407725 0.318095 0.168813 0.278095
16 0.930615 0.852381 0.110157 0.234286
18 0.662375 0.902857 0.080114 0.182857
18 0.793991 0.611429 0.034335 0.045714
15 0.873391 0.317143 0.233190 0.215238
15 0.733190 0.130476 0.072961 0.142857
19 0.956366 0.604762 0.087268 0.150476
19 0.312589 0.636190 0.081545 0.182857
29 0.138770 0.112381 0.114449 0.224762
29 0.621602 0.500952 0.167382 0.182857
6 0.340486 0.057143 0.028612 0.038095
6 0.821173 0.085714 0.031474 0.041905
