3 0.588333 0.771496 0.043333 0.030624
3 0.096667 0.725559 0.036667 0.025913
7 0.823333 0.166078 0.040000 0.028269
7 0.643333 0.793875 0.046667 0.032980
0 0.358333 0.470554 0.253333 0.090695
0 0.515000 0.471143 0.046667 0.032980
4 0.815833 0.389282 0.235000 0.085984
4 0.255000 0.707892 0.190000 0.103651
L 0.726667 0.808009 0.040000 0.028269
L 0.578333 0.161366 0.243333 0.068316
E 0.881667 0.581861 0.033333 0.023557
E 0.105000 0.220848 0.116667 0.083628
Y 0.671667 0.547703 0.250000 0.162544
Y 0.490000 0.954064 0.176667 0.077739
A 0.286667 0.149588 0.033333 0.023557
A 0.705000 0.898115 0.250000 0.090695
