9 0.866308 0.813066 0.145935 0.130660
9 0.287953 0.657180 0.019589 0.025873
1 0.347698 0.349935 0.113614 0.081501
1 0.126347 0.090556 0.144956 0.085382
6 0.463271 0.769728 0.023506 0.031048
6 0.678746 0.478008 0.158668 0.231565
18 0.394711 0.164942 0.162586 0.221216
18 0.211557 0.934023 0.019589 0.025873
7 0.586680 0.763907 0.133203 0.128072
7 0.194417 0.479301 0.096964 0.141009
30 0.593536 0.188875 0.027424 0.036223
30 0.896180 0.429495 0.019589 0.025873
12 0.423115 0.292367 0.025465 0.033635
12 0.541136 0.333118 0.061704 0.133247
20 0.648874 0.086028 0.112635 0.153946
20 0.481881 0.584735 0.074437 0.121604
