M 0.222353 0.922787 0.025882 0.041431
M 0.578235 0.329567 0.149412 0.165725
E 0.501765 0.899247 0.092941 0.167608
E 0.765294 0.185499 0.083529 0.107345
3 0.960000 0.647834 0.023529 0.037665
3 0.213529 0.344633 0.074118 0.158192
7 0.374118 0.461394 0.138824 0.267420
7 0.163529 0.772128 0.030588 0.048964
2 0.722353 0.608286 0.025882 0.041431
2 0.361176 0.143126 0.032941 0.052731
K 0.440000 0.120527 0.023529 0.037665
K 0.585882 0.648776 0.157647 0.258004
C 0.955294 0.815443 0.028235 0.045198
C 0.256471 0.542373 0.025882 0.041431
8 0.931765 0.943503 0.072941 0.094162
8 0.694118 0.694915 0.023529 0.037665
H 0.317647 0.760829 0.152941 0.210923
H 0.175294 0.593220 0.023529 0.037665
