23 0.411852 0.680000 0.109630 0.102222
23 0.263704 0.022222 0.038519 0.028889
3 0.472593 0.063889 0.088889 0.074444
3 0.174815 0.527222 0.160000 0.105556
29 0.748889 0.858333 0.220741 0.121111
29 0.447407 0.380000 0.029630 0.022222
12 0.109630 0.325556 0.029630 0.022222
12 0.045926 0.818889 0.038519 0.028889
0 0.927407 0.379444 0.133333 0.134444
0 0.219259 0.171667 0.157037 0.167778
31 0.698519 0.290556 0.232593 0.152222
31 0.074074 0.925556 0.130370 0.106667
28 0.257037 0.803333 0.229630 0.142222
28 0.782222 0.090556 0.157037 0.150000
33 0.928889 0.866667 0.032593 0.024444
33 0.451111 0.492778 0.217778 0.185556
19 0.561481 0.982222 0.041481 0.031111
19 0.134815 0.706667 0.029630 0.022222
