5 0.565934 0.277434 0.027473 0.015456
5 0.690934 0.200155 0.035714 0.020093
1 0.793956 0.833849 0.027473 0.015456
1 0.602335 0.593895 0.171703 0.085781
3 0.438874 0.862056 0.177198 0.088872
3 0.845467 0.163447 0.218407 0.101236
T 0.668269 0.931994 0.146978 0.069552
T 0.296703 0.969088 0.027473 0.015456
M 0.449863 0.183153 0.144231 0.108192
M 0.644918 0.804482 0.146978 0.097372
N 0.365385 0.775889 0.027473 0.015456
N 0.111264 0.038640 0.027473 0.015456
F 0.123626 0.114760 0.071429 0.087326
F 0.478022 0.017002 0.038462 0.021638
G 0.836538 0.763524 0.189560 0.115920
G 0.281593 0.700155 0.027473 0.015456
V 0.203297 0.571870 0.027473 0.015456
V 0.957418 0.282844 0.027473 0.015456
