C 0.629167 0.433438 0.052500 0.059375
C 0.774583 0.705000 0.008333 0.012500
8 0.643958 0.915625 0.050417 0.083750
8 0.072500 0.394375 0.008333 0.012500
6 0.173750 0.440000 0.010000 0.015000
6 0.964167 0.238750 0.010000 0.015000
R 0.047708 0.538125 0.057917 0.092500
R 0.482917 0.212813 0.032500 0.068125
5 0.835833 0.761250 0.011667 0.017500
5 0.389375 0.365312 0.032917 0.081875
7 0.676667 0.833125 0.010000 0.015000
7 0.381250 0.141875 0.028333 0.037500
9 0.336875 0.782813 0.051250 0.083125
9 0.231250 0.960625 0.008333 0.012500
E 0.534583 0.742812 0.065000 0.105625
E 0.096667 0.533125 0.008333 0.012500
H 0.132083 0.647813 0.035833 0.084375
H 0.893125 0.700937 0.023750 0.034375
