P 0.713516 0.730918 0.091087 0.080207
P 0.806072 0.658473 0.025465 0.033635
1 0.383937 0.601552 0.019589 0.025873
1 0.286974 0.596378 0.146915 0.175938
Q 0.951028 0.575032 0.056807 0.102199
Q 0.712047 0.124191 0.021548 0.028461
C 0.254652 0.749030 0.025465 0.033635
C 0.493634 0.858344 0.082272 0.169470
6 0.857982 0.320828 0.021548 0.028461
6 0.585700 0.690815 0.025465 0.033635
9 0.759060 0.225744 0.088149 0.102199
9 0.210578 0.168176 0.088149 0.165589
X 0.112635 0.534929 0.076396 0.164295
X 0.030362 0.194049 0.019589 0.025873
A 0.255632 0.393273 0.019589 0.025873
A 0.386386 0.368693 0.120470 0.173351
U 0.158668 0.834411 0.133203 0.188875
U 0.584231 0.247736 0.185113 0.249677
E 0.610186 0.847995 0.064643 0.151358
E 0.354065 0.912678 0.153771 0.115136
