C 0.605833 0.109756 0.071667 0.079823
C 0.338333 0.778271 0.018333 0.024390
V 0.142500 0.321508 0.023333 0.031042
V 0.586667 0.320399 0.016667 0.022173
Z 0.371667 0.018847 0.021667 0.028825
Z 0.254167 0.447894 0.020000 0.026608
G 0.448333 0.192905 0.018333 0.024390
G 0.538333 0.654656 0.085000 0.127494
B 0.382917 0.119180 0.069167 0.074279
B 0.733333 0.276053 0.016667 0.022173
P 0.764583 0.828714 0.044167 0.083149
P 0.403333 0.573171 0.016667 0.022173
R 0.434583 0.414634 0.092500 0.152993
R 0.020000 0.272727 0.020000 0.026608
