B 0.862963 0.194444 0.248148 0.092593
B 0.542593 0.525926 0.037037 0.037037
K 0.955556 0.881481 0.040741 0.040741
K 0.151852 0.403704 0.166667 0.292593
0 0.227778 0.675926 0.229630 0.170370
0 0.307407 0.450000 0.048148 0.048148
Y 0.205556 0.931481 0.044444 0.044444
Y 0.614815 0.325000 0.181481 0.242593
S 0.766667 0.768519 0.051852 0.051852
S 0.772222 0.357407 0.048148 0.048148
Z 0.266667 0.104630 0.111111 0.168519
Z 0.824074 0.588889 0.037037 0.037037
J 0.814815 0.714815 0.037037 0.037037
J 0.824074 0.333333 0.048148 0.048148
R 0.537963 0.700000 0.235185 0.207407
R 0.714815 0.574074 0.048148 0.048148
