4 0.071196 0.444874 0.092391 0.181818
4 0.934239 0.851064 0.118478 0.197292
M 0.622826 0.056093 0.023913 0.042553
M 0.292391 0.029014 0.021739 0.038685
L 0.572826 0.731141 0.021739 0.038685
L 0.379891 0.843327 0.075000 0.208897
C 0.857065 0.453578 0.116304 0.245648
C 0.043478 0.189555 0.028261 0.050290
G 0.176630 0.814313 0.059783 0.174081
G 0.409783 0.201161 0.026087 0.046422
W 0.202717 0.143133 0.079348 0.174081
W 0.036957 0.280464 0.021739 0.038685
S 0.743478 0.235010 0.080435 0.102515
S 0.503261 0.319149 0.021739 0.038685
8 0.453804 0.602515 0.142391 0.268859
8 0.282065 0.612186 0.072826 0.106383
