2 0.591111 0.551111 0.115556 0.115556
2 0.146667 0.555556 0.115556 0.115556
P 0.404444 0.920000 0.088889 0.088889
S 0.120000 0.422222 0.088889 0.088889
S 0.311111 0.062222 0.088889 0.088889
K 0.773333 0.800000 0.097778 0.097778
K 0.288889 0.613333 0.088889 0.088889
C 0.946667 0.840000 0.088889 0.088889
Y 0.946667 0.613333 0.088889 0.088889
Y 0.191111 0.168889 0.097778 0.097778
W 0.417778 0.782222 0.106667 0.106667
W 0.240000 0.791111 0.088889 0.088889
X 0.764444 0.262222 0.462222 0.462222
X 0.360000 0.360000 0.257778 0.222222
A 0.373333 0.182222 0.115556 0.115556
A 0.671111 0.857778 0.088889 0.088889
R 0.106667 0.942222 0.115556 0.115556
