11 0.453125 0.597222 0.019531 0.034722
11 0.777344 0.276042 0.019531 0.034722
17 0.851562 0.295139 0.019531 0.034722
17 0.879883 0.125000 0.027344 0.048611
28 0.286133 0.437500 0.019531 0.034722
28 0.821777 0.604167 0.118164 0.197917
24 0.512695 0.813368 0.091797 0.175347
24 0.469727 0.260417 0.021484 0.038194
15 0.257812 0.909722 0.019531 0.034722
15 0.936035 0.282118 0.108398 0.112847
7 0.129883 0.395833 0.148438 0.145833
7 0.547363 0.602431 0.133789 0.239583
12 0.934570 0.555556 0.023438 0.041667
12 0.324707 0.049479 0.125977 0.098958
13 0.233887 0.173611 0.127930 0.135417
13 0.638672 0.939236 0.019531 0.034722
