16 0.786667 0.831111 0.088889 0.088889
16 0.066667 0.120000 0.088889 0.088889
18 0.817778 0.551111 0.115556 0.115556
18 0.680000 0.777778 0.088889 0.088889
31 0.377778 0.453333 0.124444 0.124444
31 0.235556 0.866667 0.088889 0.088889
27 0.808889 0.155556 0.124444 0.124444
13 0.831111 0.435556 0.088889 0.088889
17 0.840000 0.711111 0.106667 0.106667
17 0.720000 0.382222 0.097778 0.097778
32 0.177778 0.657778 0.106667 0.106667
28 0.680000 0.080000 0.124444 0.124444
28 0.586667 0.515556 0.124444 0.124444
