M 0.440000 0.311111 0.088889 0.088889
M 0.640000 0.555556 0.097778 0.097778
L 0.164444 0.173333 0.088889 0.088889
L 0.520000 0.751111 0.124444 0.124444
X 0.711111 0.888889 0.088889 0.088889
Y 0.251111 0.644444 0.324444 0.568889
Y 0.888889 0.775556 0.222222 0.244444
8 0.702222 0.408889 0.115556 0.115556
8 0.480000 0.164444 0.088889 0.088889
1 0.853333 0.480000 0.115556 0.115556
1 0.377778 0.097778 0.097778 0.097778
B 0.342222 0.280000 0.106667 0.106667
B 0.475556 0.417778 0.106667 0.106667
T 0.542222 0.564444 0.088889 0.088889
9 0.733333 0.257778 0.106667 0.106667
