U 0.888000 0.322430 0.102000 0.145527
U 0.684000 0.038718 0.024000 0.032043
5 0.387000 0.632844 0.020000 0.026702
5 0.153500 0.791055 0.149000 0.113485
D 0.475000 0.110814 0.024000 0.032043
D 0.165000 0.101469 0.156000 0.176235
X 0.283000 0.069426 0.020000 0.026702
X 0.716000 0.142857 0.020000 0.026702
N 0.411000 0.270360 0.142000 0.132176
N 0.800000 0.727637 0.024000 0.032043
J 0.519000 0.921228 0.020000 0.026702
J 0.125500 0.489987 0.169000 0.176235
4 0.036000 0.161549 0.020000 0.026702
4 0.629000 0.627503 0.126000 0.194927
P 0.924000 0.046729 0.020000 0.026702
P 0.378500 0.797730 0.093000 0.153538
1 0.033000 0.316422 0.020000 0.026702
1 0.977000 0.735648 0.026000 0.034713
