M 0.217285 0.216814 0.073242 0.082596
M 0.010254 0.953540 0.012695 0.019174
Q 0.541992 0.543510 0.009766 0.014749
Q 0.625000 0.196903 0.009766 0.014749
Z 0.431641 0.393805 0.009766 0.014749
Z 0.419434 0.044985 0.012695 0.019174
6 0.833496 0.737832 0.043945 0.095133
6 0.416992 0.153392 0.011719 0.017699
G 0.052002 0.652286 0.076660 0.075959
G 0.974121 0.024336 0.010742 0.016224
V 0.928711 0.867257 0.011719 0.017699
V 0.140869 0.223451 0.066895 0.109145
A 0.608887 0.567109 0.009766 0.014749
A 0.877686 0.112463 0.058105 0.086283
E 0.913086 0.555310 0.009766 0.014749
E 0.323486 0.787242 0.030762 0.061209
