V 0.657143 0.301429 0.037662 0.125714
V 0.939935 0.152857 0.079870 0.217143
U 0.245455 0.040000 0.012987 0.028571
U 0.778571 0.302143 0.036364 0.158571
Z 0.485714 0.657143 0.102597 0.180000
Z 0.279870 0.158571 0.037662 0.114286
S 0.268182 0.845714 0.014286 0.031429
S 0.631818 0.502857 0.014286 0.031429
E 0.083442 0.272857 0.078571 0.197143
E 0.761688 0.512857 0.012987 0.028571
P 0.115584 0.697143 0.012987 0.028571
P 0.833117 0.675714 0.036364 0.145714
Q 0.493831 0.174286 0.060390 0.185714
Q 0.232468 0.632857 0.015584 0.034286
