J 0.830558 0.514230 0.076396 0.148771
J 0.039177 0.401035 0.019589 0.025873
C 0.653281 0.393273 0.021548 0.028461
C 0.183154 0.542044 0.025465 0.033635
K 0.905975 0.216041 0.168462 0.186287
K 0.190010 0.579560 0.019589 0.025873
M 0.572968 0.278137 0.019589 0.025873
M 0.602351 0.389392 0.027424 0.036223
U 0.029383 0.221216 0.019589 0.025873
U 0.389814 0.846054 0.019589 0.025873
B 0.906954 0.888098 0.148874 0.130660
B 0.336925 0.883571 0.023506 0.031048
1 0.456905 0.492238 0.126347 0.135834
1 0.257591 0.064683 0.084231 0.108668
L 0.366308 0.442432 0.019589 0.025873
L 0.090597 0.520699 0.122429 0.174644
0 0.214496 0.701811 0.054848 0.151358
0 0.614594 0.643596 0.142018 0.203105
9 0.274241 0.387451 0.115573 0.086675
9 0.505387 0.750323 0.019589 0.025873
