0 0.864444 0.411667 0.173333 0.163333
0 0.608148 0.676111 0.217778 0.156667
X 0.420741 0.644444 0.032593 0.024444
X 0.770370 0.656667 0.029630 0.022222
C 0.465185 0.157778 0.278519 0.215556
C 0.278519 0.712222 0.091852 0.155556
N 0.183704 0.911667 0.195556 0.138889
N 0.868148 0.098333 0.174815 0.130000
F 0.631111 0.537778 0.029630 0.022222
F 0.262222 0.216667 0.029630 0.022222
Z 0.330370 0.343889 0.213333 0.107778
Z 0.085926 0.390000 0.038519 0.028889
P 0.494074 0.456667 0.185185 0.095556
P 0.232593 0.253333 0.029630 0.022222
8 0.161481 0.560000 0.041481 0.031111
8 0.700000 0.903889 0.200000 0.176667
D 0.444444 0.775556 0.029630 0.022222
D 0.897778 0.713333 0.029630 0.022222
7 0.222963 0.105000 0.205926 0.176667
7 0.934815 0.225556 0.029630 0.022222
