10 0.137778 0.124444 0.106667 0.106667
10 0.535556 0.571111 0.706667 0.440000
22 0.422222 0.160000 0.088889 0.088889
16 0.791111 0.142222 0.097778 0.097778
21 0.333333 0.271111 0.088889 0.088889
8 0.062222 0.520000 0.124444 0.124444
31 0.075556 0.391111 0.115556 0.115556
18 0.813333 0.955556 0.088889 0.088889
20 0.657778 0.066667 0.115556 0.115556
20 0.115556 0.826667 0.088889 0.088889
25 0.128889 0.720000 0.106667 0.106667
4 0.217778 0.848889 0.088889 0.088889
4 0.560000 0.866667 0.088889 0.088889
