M 0.277473 0.076121 0.151099 0.105873
M 0.088599 0.630603 0.177198 0.041731
1 0.221154 0.969861 0.027473 0.015456
1 0.694368 0.884467 0.182692 0.096600
C 0.401099 0.142195 0.030220 0.017002
C 0.223901 0.396445 0.027473 0.015456
A 0.561813 0.112828 0.035714 0.020093
A 0.159341 0.716383 0.038462 0.021638
3 0.867445 0.359737 0.171703 0.090417
3 0.753434 0.454019 0.185440 0.090417
H 0.611264 0.765842 0.035714 0.020093
H 0.903846 0.872488 0.030220 0.017002
5 0.654533 0.064142 0.125000 0.040185
5 0.359890 0.909583 0.038462 0.021638
L 0.440934 0.464451 0.027473 0.015456
L 0.892857 0.714065 0.038462 0.021638
W 0.406593 0.959428 0.129121 0.059505
W 0.103709 0.576507 0.141484 0.063369
S 0.463599 0.767774 0.086538 0.093509
S 0.126374 0.912287 0.120879 0.078053
