N 0.268667 0.476000 0.065333 0.094667
N 0.292000 0.148667 0.013333 0.013333
G 0.412333 0.535667 0.098000 0.070000
G 0.762667 0.896667 0.125333 0.124000
1 0.915000 0.639667 0.076667 0.034000
1 0.426667 0.731333 0.018667 0.018667
K 0.393333 0.842667 0.013333 0.013333
K 0.247000 0.377333 0.066000 0.093333
F 0.129333 0.626667 0.077333 0.068000
F 0.544667 0.831333 0.013333 0.013333
J 0.734667 0.176667 0.076000 0.082667
J 0.581333 0.444667 0.013333 0.013333
C 0.406333 0.177667 0.080667 0.051333
C 0.242000 0.842000 0.013333 0.013333
P 0.944000 0.140667 0.016000 0.016000
P 0.526667 0.704667 0.013333 0.013333
