29 0.599722 0.537083 0.072778 0.099167
29 0.087500 0.868333 0.045000 0.053333
3 0.148889 0.892500 0.015556 0.023333
3 0.131111 0.302500 0.082222 0.088333
13 0.339444 0.541667 0.015556 0.023333
13 0.885556 0.269167 0.012222 0.018333
20 0.045278 0.130417 0.052778 0.055833
20 0.753889 0.790833 0.053333 0.103333
2 0.252778 0.651667 0.045556 0.096667
2 0.743333 0.955833 0.014444 0.021667
21 0.329444 0.915000 0.032222 0.048333
21 0.193333 0.621667 0.015556 0.023333
6 0.533889 0.186667 0.014444 0.021667
6 0.466389 0.131667 0.059444 0.090000
22 0.476667 0.609167 0.076667 0.106667
22 0.906111 0.855833 0.014444 0.021667
26 0.980556 0.625833 0.014444 0.021667
26 0.911667 0.897500 0.013333 0.020000
17 0.201111 0.045833 0.011111 0.016667
17 0.495556 0.958333 0.011111 0.016667
