5 0.679667 0.872667 0.062000 0.044000
5 0.170667 0.349333 0.018667 0.018667
Q 0.877000 0.277333 0.063333 0.056000
Q 0.830667 0.358333 0.054667 0.047333
R 0.421667 0.428000 0.040667 0.080000
R 0.792333 0.766667 0.054000 0.053333
1 0.050333 0.700333 0.059333 0.084667
1 0.077667 0.366000 0.084667 0.089333
B 0.769333 0.803333 0.018667 0.018667
B 0.690333 0.352000 0.038000 0.093333
4 0.729333 0.945333 0.013333 0.013333
4 0.412333 0.219667 0.072667 0.068667
X 0.813333 0.645000 0.068000 0.046000
X 0.329000 0.389667 0.067333 0.066000
9 0.722667 0.564000 0.018667 0.018667
9 0.983333 0.223333 0.013333 0.013333
P 0.591333 0.508000 0.017333 0.017333
P 0.261333 0.814000 0.064000 0.053333
