X 0.926518 0.726619 0.031949 0.047962
X 0.850639 0.291367 0.103834 0.290168
Q 0.400958 0.422062 0.031949 0.047962
Q 0.498403 0.040767 0.031949 0.047962
5 0.651757 0.564748 0.182109 0.155875
5 0.280351 0.413669 0.202875 0.275779
D 0.085463 0.438849 0.167732 0.354916
D 0.539936 0.338129 0.044728 0.067146
G 0.120607 0.804556 0.145367 0.208633
G 0.779553 0.577938 0.035144 0.052758
B 0.480032 0.741007 0.193291 0.191847
B 0.679712 0.275779 0.225240 0.215827
H 0.471246 0.398082 0.041534 0.062350
H 0.238019 0.609113 0.031949 0.047962
