9 0.457031 0.144531 0.039062 0.026042
9 0.543945 0.625651 0.150391 0.074219
B 0.421875 0.782552 0.042969 0.028646
B 0.703125 0.308594 0.054688 0.036458
S 0.904297 0.983073 0.046875 0.031250
S 0.216797 0.841146 0.054688 0.036458
8 0.443359 0.378255 0.136719 0.175781
8 0.693359 0.822917 0.351562 0.239583
J 0.615234 0.127604 0.046875 0.031250
J 0.267578 0.354167 0.039062 0.026042
0 0.149414 0.566406 0.255859 0.151042
0 0.877930 0.327474 0.220703 0.074219
P 0.144531 0.207031 0.039062 0.026042
P 0.829102 0.528646 0.220703 0.151042
G 0.826172 0.138021 0.246094 0.179688
G 0.960938 0.555990 0.042969 0.028646
W 0.073242 0.849609 0.126953 0.178385
W 0.197266 0.949219 0.042969 0.028646
2 0.342773 0.207031 0.103516 0.132812
2 0.213867 0.033203 0.224609 0.066406
