14 0.369629 0.500391 0.081055 0.096094
14 0.056641 0.631641 0.062500 0.069531
26 0.593750 0.353906 0.019531 0.015625
26 0.451660 0.878906 0.161133 0.123438
2 0.902344 0.169922 0.072266 0.061719
2 0.218262 0.814063 0.096680 0.087500
20 0.262207 0.394141 0.100586 0.063281
20 0.702148 0.636719 0.025391 0.020313
27 0.782227 0.101562 0.021484 0.017188
27 0.474121 0.288281 0.108398 0.076563
17 0.478516 0.446094 0.025391 0.020313
17 0.863770 0.784375 0.129883 0.109375
22 0.541016 0.483594 0.019531 0.015625
22 0.060059 0.214453 0.094727 0.094531
31 0.564453 0.212500 0.027344 0.021875
31 0.436523 0.711719 0.025391 0.020313
10 0.418945 0.976562 0.021484 0.017188
10 0.837891 0.456250 0.154297 0.104688
29 0.871094 0.566406 0.023438 0.018750
29 0.388672 0.061719 0.117188 0.114063
