Y 0.761818 0.189320 0.160000 0.228155
Y 0.599091 0.555825 0.278182 0.334951
G 0.296364 0.791262 0.309091 0.373786
G 0.072727 0.259709 0.050909 0.067961
W 0.798182 0.349515 0.043636 0.058252
W 0.074545 0.601942 0.036364 0.048544
A 0.423636 0.296117 0.050909 0.067961
A 0.828182 0.807039 0.158182 0.240291
5 0.945455 0.512136 0.036364 0.048544
5 0.887273 0.160194 0.047273 0.063107
T 0.294545 0.082524 0.036364 0.048544
L 0.040000 0.429612 0.040000 0.053398
L 0.769091 0.497573 0.043636 0.058252
6 0.970909 0.791262 0.043636 0.058252
6 0.307273 0.145631 0.050909 0.067961
