2 0.248927 0.438095 0.028612 0.038095
2 0.884120 0.474286 0.028612 0.038095
F 0.553648 0.827619 0.197425 0.207619
F 0.881259 0.198095 0.040057 0.053333
4 0.718169 0.847619 0.028612 0.038095
4 0.851216 0.880000 0.034335 0.045714
Y 0.713877 0.940952 0.037196 0.049524
Y 0.481402 0.608571 0.121602 0.196190
M 0.436338 0.851429 0.028612 0.038095
M 0.901288 0.146667 0.028612 0.038095
3 0.300429 0.561905 0.037196 0.049524
3 0.686695 0.108571 0.028612 0.038095
G 0.423462 0.320000 0.040057 0.053333
G 0.078684 0.841905 0.028612 0.038095
0 0.127325 0.273333 0.157368 0.260952
0 0.487840 0.137143 0.100143 0.205714
W 0.018598 0.043810 0.037196 0.049524
W 0.724607 0.623810 0.155937 0.108571
