7 0.527778 0.162500 0.036111 0.054167
7 0.044444 0.097917 0.027778 0.041667
P 0.812500 0.696875 0.069444 0.189583
P 0.581250 0.278125 0.184722 0.152083
5 0.128472 0.579167 0.120833 0.175000
5 0.195139 0.768750 0.123611 0.125000
K 0.556944 0.935417 0.027778 0.041667
K 0.449306 0.810417 0.093056 0.270833
H 0.986111 0.958333 0.027778 0.041667
H 0.612500 0.809375 0.111111 0.152083
Y 0.638889 0.422917 0.027778 0.041667
Y 0.407639 0.247917 0.076389 0.191667
G 0.952083 0.556250 0.084722 0.250000
G 0.827778 0.060417 0.030556 0.045833
6 0.756944 0.445833 0.147222 0.208333
6 0.037500 0.458333 0.036111 0.054167
