L 0.681250 0.204861 0.068750 0.098611
L 0.282813 0.591667 0.017188 0.030556
4 0.600000 0.781944 0.015625 0.027778
4 0.166406 0.863889 0.015625 0.027778
7 0.746094 0.331944 0.015625 0.027778
7 0.041797 0.654167 0.067969 0.127778
X 0.957813 0.831944 0.021875 0.038889
X 0.854688 0.290278 0.021875 0.038889
Q 0.216797 0.587500 0.066406 0.113889
Q 0.334766 0.353472 0.099219 0.198611
W 0.594531 0.345833 0.048438 0.155556
W 0.569531 0.883333 0.015625 0.027778
V 0.320312 0.729861 0.123438 0.151389
V 0.133594 0.059722 0.021875 0.038889
