P 0.323611 0.460417 0.036111 0.054167
P 0.656944 0.434375 0.197222 0.147917
6 0.750000 0.835417 0.033333 0.050000
6 0.298611 0.664583 0.033333 0.050000
8 0.979167 0.166667 0.033333 0.050000
8 0.436111 0.418750 0.030556 0.045833
M 0.961111 0.635417 0.027778 0.041667
M 0.475000 0.679167 0.030556 0.045833
F 0.896528 0.719792 0.098611 0.306250
F 0.780556 0.747917 0.027778 0.041667
S 0.677778 0.870833 0.030556 0.045833
S 0.984722 0.754167 0.027778 0.041667
T 0.834722 0.433333 0.038889 0.058333
T 0.834722 0.271875 0.150000 0.256250
H 0.147917 0.420833 0.095833 0.287500
H 0.418056 0.216667 0.150000 0.279167
