N 0.490588 0.355932 0.023529 0.037665
N 0.264118 0.656309 0.144706 0.141243
G 0.341176 0.540490 0.028235 0.045198
G 0.191176 0.854991 0.128235 0.248588
M 0.464706 0.131827 0.030588 0.048964
M 0.943529 0.625235 0.028235 0.045198
U 0.216471 0.406780 0.197647 0.237288
U 0.697059 0.660075 0.132941 0.141243
L 0.634118 0.849341 0.023529 0.037665
L 0.928235 0.506591 0.023529 0.037665
S 0.918824 0.309793 0.087059 0.126177
S 0.406471 0.693032 0.090588 0.139360
6 0.675294 0.231638 0.023529 0.037665
6 0.809412 0.188324 0.098824 0.158192
B 0.063529 0.689266 0.023529 0.037665
B 0.562353 0.239171 0.023529 0.037665
9 0.174706 0.174200 0.083529 0.197740
9 0.302941 0.129002 0.149412 0.178908
H 0.380000 0.570621 0.025882 0.041431
H 0.512941 0.854991 0.032941 0.052731
