J 0.521196 0.851064 0.090217 0.208897
J 0.084783 0.367505 0.021739 0.038685
K 0.559783 0.261122 0.134783 0.266925
K 0.758696 0.690522 0.030435 0.054159
8 0.923913 0.566731 0.030435 0.054159
8 0.869565 0.314313 0.130435 0.187621
H 0.250000 0.352031 0.147826 0.328820
H 0.627717 0.633462 0.109783 0.272727
4 0.416304 0.953578 0.028261 0.050290
4 0.396196 0.226306 0.092391 0.197292
G 0.076087 0.841393 0.113043 0.235977
G 0.487500 0.582205 0.153261 0.278530
X 0.042391 0.400387 0.021739 0.038685
X 0.955435 0.723404 0.021739 0.038685
