P 0.727788 0.100846 0.051040 0.074753
P 0.146503 0.274330 0.013233 0.019746
B 0.301749 0.702398 0.031664 0.045134
B 0.402883 0.715092 0.041115 0.087447
L 0.312146 0.198166 0.048677 0.086037
L 0.321834 0.830042 0.009452 0.014104
9 0.840974 0.341678 0.047732 0.059944
9 0.109168 0.729901 0.013233 0.019746
W 0.607278 0.237659 0.009452 0.014104
W 0.879490 0.664316 0.013233 0.019746
S 0.395085 0.173484 0.063327 0.042313
S 0.306474 0.619182 0.057183 0.105783
Y 0.048677 0.944993 0.041588 0.052186
Y 0.339319 0.044076 0.053875 0.044429
F 0.961720 0.279267 0.070888 0.098731
F 0.233223 0.527504 0.052457 0.104372
