B 0.332292 0.736111 0.014583 0.025926
B 0.802083 0.075926 0.011458 0.020370
V 0.683333 0.180556 0.010417 0.018519
V 0.908594 0.849074 0.071354 0.140741
X 0.269531 0.326852 0.030729 0.087037
X 0.577083 0.876389 0.026042 0.097222
Q 0.443229 0.246296 0.010417 0.018519
Q 0.668750 0.808796 0.073958 0.128704
F 0.826042 0.446296 0.011458 0.020370
F 0.685937 0.665741 0.010417 0.018519
5 0.265625 0.127778 0.013542 0.024074
5 0.222917 0.666204 0.092708 0.143519
P 0.621354 0.138426 0.086458 0.117593
P 0.627344 0.716667 0.035937 0.048148
A 0.758333 0.696296 0.010417 0.018519
A 0.546354 0.214815 0.051042 0.118519
