3 0.668889 0.697778 0.555556 0.417778
7 0.213333 0.248889 0.088889 0.088889
7 0.648889 0.342222 0.568889 0.222222
X 0.193333 0.755556 0.360000 0.311111
X 0.106667 0.155556 0.088889 0.088889
T 0.182222 0.453333 0.124444 0.124444
T 0.275556 0.160000 0.088889 0.088889
R 0.662222 0.084444 0.088889 0.088889
R 0.862222 0.155556 0.088889 0.088889
B 0.555556 0.080000 0.106667 0.106667
Q 0.955556 0.084444 0.088889 0.088889
F 0.444444 0.066667 0.088889 0.088889
M 0.866667 0.062222 0.088889 0.088889
M 0.057778 0.431111 0.088889 0.088889
