6 0.652361 0.194444 0.085837 0.092593
6 0.358369 0.733796 0.356223 0.412037
L 0.424893 0.111111 0.085837 0.092593
L 0.622318 0.717593 0.085837 0.092593
S 0.828326 0.518519 0.085837 0.092593
S 0.781116 0.754630 0.120172 0.129630
3 0.068670 0.055556 0.085837 0.092593
U 0.914163 0.162037 0.085837 0.092593
N 0.506438 0.425926 0.111588 0.120370
A 0.072961 0.689815 0.103004 0.111111
7 0.716738 0.425926 0.085837 0.092593
7 0.236052 0.358796 0.317597 0.328704
4 0.892704 0.356481 0.120172 0.129630
4 0.733906 0.055556 0.085837 0.092593
1 0.549356 0.055556 0.085837 0.092593
