8 0.258789 0.356120 0.326172 0.230469
8 0.660156 0.318359 0.281250 0.175781
Y 0.193359 0.760417 0.039062 0.026042
Y 0.501953 0.692708 0.039062 0.026042
K 0.469727 0.791016 0.251953 0.121094
K 0.638672 0.903646 0.050781 0.033854
H 0.490234 0.069010 0.039062 0.026042
H 0.531250 0.161458 0.050781 0.033854
X 0.306641 0.582031 0.101562 0.151042
X 0.835938 0.880208 0.218750 0.143229
S 0.727539 0.508464 0.275391 0.201823
S 0.314453 0.214844 0.054688 0.036458
B 0.775391 0.651042 0.269531 0.080729
B 0.562500 0.882812 0.039062 0.026042
1 0.111328 0.565104 0.050781 0.033854
1 0.531250 0.055990 0.039062 0.026042
2 0.758789 0.085286 0.173828 0.113281
2 0.271484 0.856120 0.140625 0.134115
M 0.205078 0.623698 0.042969 0.028646
M 0.160156 0.085286 0.273438 0.165365
