4 0.537335 0.586037 0.009452 0.014104
4 0.391304 0.607898 0.009452 0.014104
B 0.573724 0.291255 0.011342 0.016925
B 0.028355 0.758815 0.024575 0.104372
M 0.632089 0.639281 0.025047 0.047250
M 0.130907 0.949929 0.013233 0.019746
N 0.925331 0.870945 0.009452 0.014104
N 0.169187 0.137518 0.010397 0.015515
J 0.301040 0.086037 0.009452 0.014104
J 0.711248 0.313470 0.040643 0.050071
2 0.732514 0.889986 0.009452 0.014104
2 0.952741 0.748942 0.076560 0.071932
9 0.800567 0.344147 0.040643 0.087447
9 0.217155 0.164669 0.074197 0.112130
