9 0.258073 0.200463 0.069271 0.047222
9 0.850000 0.023148 0.010417 0.018519
R 0.560417 0.894444 0.014583 0.025926
R 0.111198 0.398611 0.074479 0.075000
E 0.464062 0.183333 0.010417 0.018519
E 0.497135 0.629167 0.043229 0.134259
G 0.713802 0.173148 0.041146 0.127778
G 0.868750 0.485185 0.084375 0.142593
D 0.194792 0.299537 0.032292 0.069444
D 0.222917 0.036111 0.010417 0.018519
Z 0.257292 0.010185 0.010417 0.018519
Z 0.699479 0.384259 0.010417 0.018519
7 0.805729 0.216667 0.013542 0.024074
7 0.495833 0.452778 0.010417 0.018519
M 0.087760 0.086574 0.065104 0.076852
M 0.616146 0.138889 0.014583 0.025926
