8 0.206070 0.510791 0.031949 0.047962
8 0.586262 0.597122 0.031949 0.047962
M 0.787540 0.517986 0.035144 0.052758
M 0.287540 0.796163 0.217252 0.326139
4 0.070288 0.956835 0.044728 0.067146
4 0.498403 0.798561 0.031949 0.047962
C 0.496805 0.563549 0.031949 0.047962
C 0.653355 0.182254 0.031949 0.047962
L 0.825879 0.949640 0.044728 0.067146
L 0.805911 0.671463 0.231629 0.249400
S 0.357827 0.395683 0.041534 0.062350
S 0.785942 0.827338 0.031949 0.047962
V 0.864217 0.059952 0.035144 0.052758
V 0.336262 0.184652 0.269968 0.345324
X 0.852236 0.321343 0.126198 0.235012
