L 0.512438 0.426295 0.099502 0.079681
L 0.850746 0.673307 0.109453 0.087649
G 0.452736 0.754980 0.646766 0.482072
N 0.793532 0.245020 0.363184 0.458167
N 0.233831 0.310757 0.119403 0.095618
E 0.124378 0.131474 0.099502 0.079681
E 0.054726 0.382470 0.099502 0.079681
Z 0.378109 0.290837 0.119403 0.095618
V 0.308458 0.430279 0.139303 0.111554
V 0.850746 0.916335 0.129353 0.103586
B 0.457711 0.099602 0.119403 0.095618
5 0.865672 0.553785 0.139303 0.111554
5 0.935323 0.784861 0.109453 0.087649
C 0.258706 0.063745 0.139303 0.111554
C 0.542289 0.322709 0.139303 0.111554
