B 0.363889 0.358333 0.141667 0.237500
B 0.891667 0.091667 0.038889 0.058333
K 0.755556 0.256250 0.036111 0.054167
K 0.890972 0.703125 0.140278 0.239583
1 0.193056 0.290625 0.144444 0.306250
1 0.401389 0.801042 0.208333 0.364583
Y 0.138194 0.691667 0.206944 0.258333
Y 0.911111 0.325000 0.100000 0.145833
U 0.809722 0.393750 0.027778 0.041667
U 0.852778 0.904167 0.027778 0.041667
D 0.919444 0.463542 0.105556 0.110417
D 0.589583 0.579167 0.120833 0.175000
X 0.777778 0.737500 0.038889 0.058333
X 0.662500 0.867708 0.141667 0.247917
Z 0.761111 0.864583 0.038889 0.058333
S 0.063889 0.327083 0.027778 0.041667
S 0.068056 0.479167 0.027778 0.041667
P 0.629861 0.242708 0.198611 0.306250
P 0.231944 0.077083 0.038889 0.058333
