W 0.542222 0.728889 0.275556 0.506667
W 0.804444 0.337778 0.106667 0.106667
1 0.871111 0.657778 0.115556 0.115556
1 0.102222 0.866667 0.115556 0.115556
2 0.168889 0.151111 0.124444 0.124444
2 0.502222 0.235556 0.408889 0.444444
0 0.193333 0.582222 0.306667 0.222222
0 0.102222 0.368889 0.088889 0.088889
5 0.213333 0.377778 0.106667 0.106667
5 0.782222 0.226667 0.088889 0.088889
P 0.844444 0.106667 0.088889 0.088889
P 0.751111 0.071111 0.088889 0.088889
7 0.306667 0.862222 0.115556 0.115556
M 0.826667 0.795556 0.124444 0.124444
