6 0.474026 0.525714 0.015584 0.034286
6 0.292857 0.751429 0.084416 0.225714
R 0.428571 0.180000 0.014286 0.031429
R 0.282468 0.520714 0.067532 0.101429
L 0.730519 0.144286 0.014286 0.031429
L 0.967857 0.837143 0.064286 0.197143
J 0.161039 0.470000 0.076623 0.142857
J 0.677273 0.628571 0.012987 0.028571
K 0.519156 0.868571 0.077273 0.177143
K 0.215584 0.133571 0.081818 0.150000
G 0.419481 0.702857 0.018182 0.040000
G 0.672727 0.138571 0.066234 0.208571
Y 0.331169 0.298571 0.015584 0.034286
Y 0.887662 0.867143 0.012987 0.028571
M 0.957792 0.120000 0.041558 0.202857
M 0.755844 0.850000 0.012987 0.028571
