18 0.505333 0.073333 0.017333 0.017333
18 0.709333 0.549333 0.013333 0.013333
33 0.232667 0.409333 0.057333 0.072000
33 0.859333 0.664000 0.013333 0.013333
32 0.633667 0.117000 0.088667 0.034000
32 0.846667 0.686667 0.013333 0.013333
23 0.578000 0.402000 0.014667 0.014667
23 0.584667 0.672000 0.018667 0.018667
16 0.330667 0.316000 0.013333 0.013333
16 0.853333 0.550000 0.100000 0.085333
14 0.235667 0.879667 0.054000 0.063333
14 0.574667 0.282667 0.013333 0.013333
13 0.652000 0.899333 0.014667 0.014667
13 0.708667 0.590667 0.013333 0.013333
28 0.449000 0.140333 0.083333 0.088667
28 0.682333 0.928333 0.042000 0.058000
19 0.118667 0.168667 0.078667 0.053333
19 0.026000 0.614000 0.014667 0.014667
5 0.082667 0.461000 0.061333 0.091333
5 0.172000 0.797667 0.044000 0.075333
