W 0.331667 0.136631 0.043333 0.030624
W 0.891667 0.674912 0.043333 0.030624
8 0.255833 0.540047 0.195000 0.161366
8 0.295000 0.330389 0.133333 0.168433
L 0.441667 0.014134 0.033333 0.023557
L 0.761667 0.467609 0.046667 0.032980
X 0.496667 0.542403 0.203333 0.140165
X 0.051667 0.274441 0.033333 0.023557
H 0.813333 0.233216 0.033333 0.023557
H 0.814167 0.824499 0.268333 0.200236
Q 0.209167 0.693168 0.175000 0.104829
Q 0.543333 0.797409 0.033333 0.023557
N 0.581667 0.919317 0.086667 0.078916
N 0.740000 0.661955 0.046667 0.032980
K 0.827500 0.367491 0.201667 0.146054
K 0.110833 0.392815 0.175000 0.116608
B 0.215000 0.858657 0.310000 0.214370
B 0.848333 0.674912 0.040000 0.028269
7 0.153333 0.212014 0.046667 0.032980
7 0.569167 0.293875 0.268333 0.187279
