3 0.171765 0.748588 0.087059 0.242938
3 0.178235 0.537665 0.137647 0.178908
9 0.799412 0.481168 0.085882 0.148776
9 0.264706 0.593220 0.032941 0.052731
22 0.500588 0.873823 0.083529 0.128060
22 0.402941 0.605461 0.132941 0.258004
2 0.249412 0.018832 0.023529 0.037665
2 0.580000 0.226930 0.103529 0.171375
7 0.717647 0.514124 0.028235 0.045198
7 0.785294 0.788136 0.194118 0.288136
25 0.468235 0.212806 0.025882 0.041431
25 0.508235 0.160075 0.023529 0.037665
6 0.978824 0.806026 0.023529 0.037665
6 0.576471 0.508475 0.023529 0.037665
