0 0.453125 0.133333 0.051563 0.122222
0 0.632031 0.833333 0.015625 0.027778
4 0.908203 0.745833 0.061719 0.163889
4 0.877344 0.494444 0.021875 0.038889
E 0.506250 0.097222 0.015625 0.027778
E 0.326172 0.216667 0.091406 0.119444
5 0.090234 0.821528 0.108594 0.112500
5 0.647656 0.306944 0.020313 0.036111
H 0.739844 0.369444 0.017188 0.030556
H 0.309375 0.475694 0.120313 0.193056
M 0.467969 0.266667 0.015625 0.027778
M 0.704688 0.238889 0.021875 0.038889
T 0.192578 0.158333 0.124219 0.169444
T 0.270313 0.935417 0.073438 0.123611
Q 0.286719 0.686111 0.020313 0.036111
Q 0.825000 0.424306 0.075000 0.156944
