3 0.223333 0.277974 0.033333 0.023557
3 0.754167 0.563604 0.088333 0.123675
Z 0.836667 0.805065 0.236667 0.095406
Z 0.588333 0.558893 0.213333 0.104829
6 0.230000 0.323910 0.033333 0.023557
6 0.535000 0.266784 0.136667 0.149588
E 0.921667 0.167256 0.033333 0.023557
E 0.311667 0.071849 0.033333 0.023557
C 0.516667 0.743227 0.216667 0.138987
C 0.036667 0.087161 0.040000 0.028269
8 0.716667 0.191991 0.043333 0.030624
8 0.855000 0.678445 0.033333 0.023557
F 0.614167 0.904005 0.148333 0.067138
F 0.439167 0.905771 0.195000 0.162544
0 0.026667 0.522968 0.033333 0.023557
0 0.152500 0.623086 0.211667 0.138987
N 0.904167 0.560071 0.131667 0.137809
N 0.038333 0.851590 0.033333 0.023557
B 0.625000 0.631331 0.043333 0.030624
B 0.740000 0.067138 0.110000 0.127208
