J 0.403533 0.494565 0.027174 0.013587
J 0.279891 0.437500 0.027174 0.013587
P 0.653533 0.199049 0.027174 0.013587
P 0.156250 0.619565 0.029891 0.014946
Y 0.703804 0.162364 0.038043 0.019022
Y 0.633152 0.075408 0.029891 0.014946
6 0.135870 0.790761 0.027174 0.013587
6 0.039402 0.512228 0.027174 0.013587
M 0.239130 0.061821 0.038043 0.019022
M 0.873641 0.211957 0.198370 0.076087
9 0.576766 0.322011 0.248641 0.116848
9 0.686141 0.490489 0.100543 0.063859
L 0.638587 0.214674 0.027174 0.013587
L 0.665761 0.852921 0.105978 0.045516
8 0.103940 0.147758 0.139946 0.095788
8 0.191576 0.476902 0.029891 0.014946
