9 0.566667 0.950000 0.037037 0.037037
9 0.385185 0.729630 0.040741 0.040741
D 0.460185 0.533333 0.101852 0.140741
D 0.227778 0.940741 0.037037 0.037037
3 0.737963 0.159259 0.250000 0.307407
3 0.155556 0.551852 0.037037 0.037037
V 0.451852 0.137963 0.137037 0.205556
V 0.240741 0.262037 0.262963 0.242593
N 0.864815 0.754630 0.181481 0.131481
N 0.938889 0.866667 0.044444 0.044444
R 0.577778 0.720370 0.092593 0.188889
R 0.909259 0.485185 0.096296 0.122222
J 0.433333 0.657407 0.037037 0.037037
J 0.187037 0.801852 0.040741 0.040741
