L 0.484444 0.042222 0.029630 0.022222
L 0.531111 0.237222 0.191111 0.116667
8 0.662222 0.710000 0.198519 0.066667
8 0.855556 0.502778 0.114074 0.156667
C 0.714074 0.506667 0.041481 0.031111
C 0.395556 0.941111 0.038519 0.028889
M 0.480000 0.122778 0.168889 0.076667
M 0.159259 0.491667 0.214815 0.078889
F 0.361481 0.895556 0.029630 0.022222
F 0.405926 0.453333 0.029630 0.022222
K 0.114815 0.827778 0.111111 0.157778
K 0.983704 0.090000 0.029630 0.022222
S 0.297778 0.252222 0.174815 0.153333
S 0.493333 0.932778 0.100741 0.061111
