9 0.497512 0.762948 0.467662 0.258964
9 0.788557 0.322709 0.422886 0.262948
18 0.567164 0.111554 0.099502 0.079681
2 0.184080 0.577689 0.099502 0.079681
17 0.761194 0.119522 0.099502 0.079681
17 0.129353 0.075697 0.099502 0.079681
5 0.203980 0.462151 0.109453 0.087649
5 0.870647 0.565737 0.099502 0.079681
12 0.820896 0.900398 0.129353 0.103586
25 0.870647 0.745020 0.109453 0.087649
7 0.258706 0.354582 0.109453 0.087649
7 0.482587 0.227092 0.099502 0.079681
8 0.169154 0.940239 0.099502 0.079681
28 0.248756 0.266932 0.099502 0.079681
