C 0.218333 0.241131 0.131667 0.118625
C 0.733750 0.689024 0.087500 0.151885
K 0.921250 0.371951 0.077500 0.098670
K 0.065000 0.412417 0.016667 0.022173
1 0.407083 0.192350 0.090833 0.107539
1 0.624167 0.157428 0.023333 0.031042
0 0.705000 0.139135 0.071667 0.123060
0 0.737083 0.280488 0.055833 0.073171
9 0.584167 0.554324 0.020000 0.026608
9 0.565417 0.071508 0.109167 0.111973
5 0.289583 0.815965 0.144167 0.168514
5 0.684583 0.457317 0.110833 0.147450
W 0.513750 0.421840 0.119167 0.125277
W 0.867917 0.115299 0.135833 0.141907
U 0.213750 0.573171 0.082500 0.150776
U 0.591667 0.656874 0.148333 0.174058
M 0.191667 0.099778 0.061667 0.141907
M 0.610417 0.818736 0.089167 0.096452
Q 0.900833 0.876940 0.123333 0.101996
Q 0.905000 0.515521 0.020000 0.026608
