Q 0.909341 0.149923 0.162088 0.085008
Q 0.942308 0.503091 0.027473 0.015456
K 0.215659 0.684699 0.035714 0.020093
K 0.493132 0.444745 0.140110 0.071870
1 0.292582 0.128284 0.200549 0.088099
1 0.815934 0.456723 0.222527 0.077280
2 0.226648 0.945904 0.027473 0.015456
2 0.434753 0.639490 0.100275 0.040958
4 0.546703 0.098145 0.090659 0.071097
4 0.605769 0.510819 0.035714 0.020093
P 0.105769 0.178130 0.104396 0.064142
P 0.592720 0.658037 0.127747 0.070325
M 0.795330 0.673493 0.250000 0.130603
M 0.314560 0.773570 0.027473 0.015456
R 0.296703 0.459042 0.038462 0.021638
R 0.528846 0.260433 0.027473 0.015456
