B 0.680000 0.624444 0.533333 0.377778
B 0.804444 0.302222 0.097778 0.097778
E 0.604444 0.146667 0.088889 0.088889
7 0.328889 0.822222 0.097778 0.097778
7 0.177778 0.400000 0.355556 0.648889
R 0.404444 0.128889 0.088889 0.088889
K 0.711111 0.928889 0.088889 0.088889
K 0.911111 0.115556 0.088889 0.088889
C 0.497778 0.191111 0.088889 0.088889
X 0.093333 0.840000 0.115556 0.115556
T 0.755556 0.066667 0.124444 0.124444
T 0.484444 0.297778 0.124444 0.124444
3 0.635556 0.284444 0.088889 0.088889
3 0.520000 0.862222 0.097778 0.097778
