13 0.818359 0.745443 0.117188 0.157552
13 0.284180 0.595052 0.103516 0.072917
4 0.205078 0.831380 0.281250 0.186198
4 0.245117 0.231771 0.326172 0.195312
32 0.792969 0.378906 0.046875 0.031250
32 0.768555 0.188802 0.228516 0.161458
29 0.470703 0.096354 0.039062 0.026042
29 0.958984 0.891927 0.042969 0.028646
22 0.632812 0.427083 0.234375 0.130208
22 0.042969 0.636719 0.046875 0.031250
15 0.857422 0.071615 0.046875 0.031250
15 0.321289 0.407552 0.212891 0.119792
11 0.292969 0.510417 0.054688 0.036458
11 0.767578 0.972656 0.042969 0.028646
