1 0.092652 0.383693 0.031949 0.047962
1 0.815495 0.225420 0.129393 0.211031
Z 0.271565 0.436451 0.041534 0.062350
Z 0.381789 0.225420 0.086262 0.345324
R 0.952077 0.270983 0.041534 0.062350
R 0.233227 0.187050 0.191693 0.330935
E 0.464856 0.796163 0.175719 0.330935
E 0.279553 0.774580 0.038339 0.057554
9 0.697284 0.496403 0.228435 0.292566
9 0.496805 0.382494 0.140575 0.333333
6 0.733227 0.119904 0.031949 0.047962
6 0.365815 0.525180 0.035144 0.052758
2 0.142971 0.660671 0.174121 0.323741
2 0.797125 0.676259 0.031949 0.047962
