G 0.479722 0.395000 0.072778 0.103333
G 0.687500 0.272917 0.050556 0.067500
9 0.220000 0.269583 0.077778 0.085833
9 0.902222 0.490000 0.035556 0.121667
E 0.519444 0.457500 0.011111 0.016667
E 0.078889 0.415833 0.011111 0.016667
X 0.161111 0.668333 0.012222 0.018333
X 0.896111 0.636667 0.011111 0.016667
A 0.645556 0.959167 0.011111 0.016667
A 0.656667 0.209167 0.011111 0.016667
T 0.463889 0.574167 0.012222 0.018333
T 0.464167 0.776250 0.057222 0.070833
U 0.981667 0.075833 0.015556 0.023333
U 0.460556 0.949583 0.037778 0.059167
