9 0.386266 0.636574 0.506438 0.356481
9 0.927039 0.310185 0.085837 0.092593
17 0.725322 0.393519 0.085837 0.092593
13 0.476395 0.263889 0.120172 0.129630
10 0.875536 0.129630 0.085837 0.092593
4 0.630901 0.861111 0.085837 0.092593
1 0.489270 0.921296 0.103004 0.111111
20 0.841202 0.532407 0.085837 0.092593
20 0.729614 0.111111 0.085837 0.092593
12 0.416309 0.393519 0.085837 0.092593
12 0.506438 0.138889 0.111588 0.120370
2 0.064378 0.740741 0.094421 0.101852
2 0.072961 0.615741 0.085837 0.092593
