27 0.833497 0.780078 0.025465 0.033635
27 0.178257 0.265201 0.111655 0.119017
12 0.835945 0.184347 0.067581 0.091850
12 0.715965 0.088616 0.133203 0.130660
21 0.383937 0.771022 0.121450 0.206986
21 0.608227 0.882277 0.137120 0.199224
33 0.484329 0.573092 0.116552 0.163001
33 0.572968 0.260026 0.025465 0.033635
15 0.330069 0.447607 0.156709 0.219922
15 0.944172 0.727038 0.019589 0.025873
7 0.238981 0.677878 0.148874 0.178525
7 0.461312 0.150065 0.027424 0.036223
1 0.100881 0.153946 0.027424 0.036223
1 0.753183 0.626132 0.119491 0.170763
6 0.470127 0.425614 0.023506 0.031048
6 0.469148 0.967658 0.023506 0.031048
31 0.910872 0.164295 0.027424 0.036223
31 0.349657 0.979301 0.027424 0.036223
16 0.882958 0.316300 0.134182 0.107374
16 0.654750 0.449547 0.093046 0.097025
