D 0.861458 0.425926 0.010417 0.018519
D 0.328385 0.354167 0.041146 0.089815
5 0.951823 0.858796 0.051562 0.119444
5 0.541146 0.022222 0.014583 0.025926
X 0.984375 0.755556 0.013542 0.024074
X 0.522396 0.181481 0.037500 0.066667
8 0.184375 0.177778 0.010417 0.018519
8 0.554688 0.431481 0.090625 0.172222
T 0.664844 0.691667 0.038021 0.107407
T 0.229167 0.806481 0.012500 0.022222
K 0.538021 0.537963 0.010417 0.018519
K 0.870312 0.877778 0.012500 0.022222
6 0.833333 0.947222 0.010417 0.018519
6 0.676562 0.177778 0.010417 0.018519
A 0.107812 0.516667 0.010417 0.018519
A 0.320833 0.195833 0.080208 0.147222
3 0.040885 0.292130 0.059896 0.058333
3 0.261979 0.731481 0.010417 0.018519
1 0.051823 0.682870 0.071354 0.086111
1 0.242188 0.905093 0.045833 0.132407
