W 0.330556 0.956250 0.036111 0.054167
W 0.825000 0.131250 0.086111 0.245833
L 0.546528 0.323958 0.201389 0.268750
L 0.421528 0.742708 0.081944 0.222917
K 0.690278 0.214583 0.027778 0.041667
K 0.185417 0.078125 0.154167 0.110417
6 0.663194 0.805208 0.218056 0.272917
6 0.050000 0.757292 0.075000 0.147917
7 0.843750 0.406250 0.104167 0.129167
7 0.904167 0.883333 0.027778 0.041667
1 0.562500 0.110417 0.191667 0.129167
1 0.138889 0.539583 0.177778 0.154167
P 0.423611 0.370833 0.027778 0.041667
P 0.633333 0.591667 0.027778 0.041667
Q 0.188889 0.830208 0.197222 0.314583
Q 0.130556 0.302083 0.188889 0.308333
5 0.536111 0.862500 0.027778 0.041667
