Z 0.470149 0.217131 0.542289 0.378486
Z 0.266169 0.782869 0.442786 0.402390
9 0.935323 0.665339 0.129353 0.103586
6 0.786070 0.665339 0.129353 0.103586
D 0.741294 0.446215 0.099502 0.079681
D 0.945274 0.573705 0.099502 0.079681
4 0.900498 0.111554 0.139303 0.111554
4 0.323383 0.466135 0.099502 0.079681
K 0.099502 0.406375 0.139303 0.111554
K 0.681592 0.553785 0.109453 0.087649
U 0.791045 0.362550 0.099502 0.079681
X 0.552239 0.772908 0.099502 0.079681
X 0.905473 0.211155 0.099502 0.079681
0 0.756219 0.912351 0.099502 0.079681
0 0.646766 0.649402 0.129353 0.103586
