0 0.622222 0.457778 0.088889 0.088889
0 0.662222 0.244444 0.124444 0.124444
28 0.533333 0.302222 0.088889 0.088889
28 0.262222 0.920000 0.088889 0.088889
16 0.111111 0.880000 0.124444 0.124444
16 0.604444 0.793333 0.533333 0.413333
14 0.591111 0.062222 0.115556 0.115556
14 0.106667 0.666667 0.088889 0.088889
24 0.253333 0.791111 0.124444 0.124444
24 0.266667 0.631111 0.088889 0.088889
32 0.791111 0.284444 0.088889 0.088889
32 0.251111 0.302222 0.457778 0.488889
33 0.893333 0.457778 0.106667 0.106667
33 0.928889 0.782222 0.115556 0.115556
