7 0.266602 0.291667 0.039062 0.067109
7 0.041504 0.352507 0.009766 0.014749
S 0.071045 0.626106 0.074707 0.125369
S 0.397461 0.793879 0.066406 0.087758
1 0.195801 0.218289 0.011719 0.017699
1 0.294922 0.711652 0.009766 0.014749
D 0.229736 0.558628 0.054199 0.053835
D 0.106934 0.406342 0.009766 0.014749
K 0.382812 0.939528 0.009766 0.014749
K 0.835938 0.352507 0.009766 0.014749
W 0.787109 0.684366 0.043945 0.066372
W 0.184082 0.938053 0.011719 0.017699
B 0.302979 0.777286 0.043457 0.106195
B 0.415527 0.197640 0.009766 0.014749
6 0.753662 0.545354 0.072754 0.078909
6 0.072266 0.787611 0.009766 0.014749
Q 0.110840 0.923304 0.012695 0.019174
Q 0.138428 0.425147 0.049316 0.065634
