23 0.128306 0.188875 0.019589 0.025873
23 0.605779 0.643596 0.153771 0.203105
6 0.594515 0.019405 0.021548 0.028461
6 0.241430 0.184994 0.081293 0.183700
26 0.405485 0.712807 0.146915 0.181113
26 0.397160 0.382277 0.163565 0.218629
15 0.373164 0.860285 0.021548 0.028461
15 0.089128 0.406210 0.025465 0.033635
9 0.703722 0.478655 0.128306 0.093144
9 0.631734 0.909444 0.103820 0.160414
14 0.597453 0.234153 0.019589 0.025873
14 0.222821 0.747736 0.140059 0.152652
33 0.698825 0.338939 0.081293 0.163001
33 0.966699 0.556921 0.054848 0.169470
10 0.934868 0.826649 0.130264 0.100906
10 0.912341 0.311125 0.145935 0.216041
