T 0.959961 0.635879 0.025391 0.046181
T 0.721680 0.164298 0.087891 0.232682
H 0.413086 0.857904 0.019531 0.035524
H 0.338867 0.432504 0.052734 0.104796
9 0.304688 0.130551 0.144531 0.207815
9 0.843750 0.792185 0.019531 0.035524
3 0.247070 0.795737 0.021484 0.039076
3 0.018555 0.468917 0.023438 0.042629
D 0.700195 0.856128 0.140625 0.088810
D 0.458984 0.175844 0.021484 0.039076
K 0.567871 0.344583 0.114258 0.127886
K 0.737305 0.556838 0.126953 0.150977
5 0.503906 0.795737 0.125000 0.220249
5 0.059082 0.193606 0.065430 0.174067
Z 0.860352 0.753108 0.019531 0.035524
Z 0.817383 0.717584 0.027344 0.049734
C 0.799805 0.806394 0.021484 0.039076
C 0.488281 0.207815 0.023438 0.042629
N 0.875488 0.580817 0.083008 0.170515
N 0.078613 0.619893 0.139648 0.245115
