C 0.335833 0.289357 0.016667 0.022173
C 0.467500 0.640798 0.016667 0.022173
X 0.669583 0.745011 0.104167 0.070953
X 0.728333 0.212306 0.153333 0.211752
5 0.450000 0.502217 0.016667 0.022173
5 0.804583 0.815410 0.099167 0.074279
H 0.480833 0.802106 0.120000 0.165188
H 0.226667 0.538248 0.128333 0.069845
D 0.179167 0.652993 0.016667 0.022173
D 0.521250 0.394124 0.082500 0.162971
K 0.774583 0.060976 0.064167 0.068736
K 0.158333 0.462306 0.016667 0.022173
L 0.240000 0.840355 0.016667 0.022173
L 0.312500 0.406874 0.016667 0.022173
6 0.939583 0.308204 0.102500 0.139690
6 0.812500 0.470067 0.131667 0.177384
T 0.918333 0.815965 0.021667 0.028825
T 0.690000 0.391353 0.018333 0.024390
