5 0.780000 0.060680 0.036364 0.048544
5 0.338182 0.898058 0.043636 0.058252
1 0.830909 0.429612 0.229091 0.150485
1 0.356364 0.233010 0.047273 0.063107
T 0.169091 0.623786 0.149091 0.354369
T 0.803636 0.756068 0.200000 0.327670
8 0.947273 0.776699 0.050909 0.067961
8 0.352727 0.497573 0.047273 0.063107
7 0.520000 0.621359 0.240000 0.233010
7 0.606364 0.307039 0.194545 0.356796
6 0.220000 0.265777 0.145455 0.351942
6 0.607273 0.961165 0.036364 0.048544
P 0.164545 0.871359 0.256364 0.121359
P 0.363636 0.339806 0.043636 0.058252
B 0.327273 0.563107 0.036364 0.048544
B 0.420000 0.065534 0.040000 0.053398
