2 0.266250 0.791149 0.062500 0.231366
2 0.398750 0.368789 0.105833 0.153727
18 0.567500 0.795031 0.020000 0.037267
18 0.165417 0.145963 0.080833 0.232919
30 0.587917 0.431677 0.104167 0.223602
30 0.921667 0.761646 0.110000 0.203416
13 0.107500 0.903727 0.016667 0.031056
13 0.470000 0.524845 0.016667 0.031056
29 0.084167 0.420807 0.150000 0.279503
29 0.916250 0.228261 0.122500 0.217391
31 0.755000 0.815217 0.045000 0.226708
31 0.780000 0.482143 0.085000 0.231366
8 0.135833 0.703416 0.126667 0.220497
8 0.930000 0.582298 0.016667 0.031056
28 0.923333 0.426242 0.125000 0.094720
28 0.509167 0.473602 0.023333 0.043478
