13 0.195312 0.574870 0.113281 0.121094
13 0.728516 0.421875 0.054688 0.036458
7 0.083984 0.287760 0.039062 0.026042
7 0.234375 0.393229 0.292969 0.156250
4 0.618164 0.481120 0.166016 0.095052
4 0.611328 0.807292 0.039062 0.026042
27 0.401367 0.521484 0.236328 0.069010
27 0.320312 0.803385 0.039062 0.026042
23 0.675781 0.247396 0.222656 0.190104
23 0.250000 0.958333 0.039062 0.026042
16 0.943359 0.069010 0.042969 0.028646
16 0.396484 0.938802 0.046875 0.031250
20 0.583984 0.766927 0.039062 0.026042
20 0.853516 0.661458 0.257812 0.190104
9 0.770508 0.891927 0.134766 0.192708
9 0.636719 0.087240 0.046875 0.031250
