0 0.302500 0.573125 0.011667 0.017500
0 0.388125 0.565937 0.063750 0.084375
L 0.298750 0.380000 0.008333 0.012500
L 0.064375 0.081250 0.057083 0.042500
N 0.860000 0.630313 0.039167 0.045625
N 0.048333 0.664375 0.009167 0.013750
6 0.289583 0.213750 0.008333 0.012500
6 0.950417 0.240313 0.052500 0.090625
Y 0.530208 0.904062 0.022917 0.075625
Y 0.837500 0.310625 0.008333 0.012500
H 0.607917 0.182500 0.008333 0.012500
H 0.285208 0.812813 0.046250 0.099375
2 0.068333 0.241875 0.054167 0.075000
2 0.465417 0.925000 0.010833 0.016250
J 0.063542 0.605000 0.060417 0.081250
J 0.156250 0.547188 0.022500 0.093125
Z 0.982917 0.141875 0.011667 0.017500
Z 0.490417 0.538125 0.011667 0.017500
E 0.800000 0.081250 0.008333 0.012500
E 0.238542 0.881250 0.034583 0.082500
