T 0.604444 0.791111 0.097778 0.097778
T 0.120000 0.880000 0.097778 0.097778
Z 0.528889 0.311111 0.577778 0.400000
Z 0.093333 0.062222 0.106667 0.106667
M 0.506667 0.866667 0.088889 0.088889
Y 0.346667 0.697778 0.106667 0.106667
Y 0.826667 0.928889 0.088889 0.088889
S 0.733333 0.591111 0.124444 0.124444
S 0.204444 0.773333 0.088889 0.088889
L 0.133333 0.431111 0.106667 0.106667
L 0.880000 0.328889 0.088889 0.088889
F 0.906667 0.702222 0.124444 0.124444
A 0.320000 0.888889 0.088889 0.088889
A 0.497778 0.640000 0.106667 0.106667
8 0.617778 0.582222 0.088889 0.088889
