3 0.359333 0.470000 0.084000 0.061333
3 0.162667 0.428000 0.017333 0.017333
30 0.912667 0.508667 0.094667 0.072000
30 0.589667 0.958333 0.064667 0.067333
17 0.683333 0.168667 0.049333 0.048000
17 0.549333 0.056667 0.013333 0.013333
18 0.687667 0.091333 0.066000 0.037333
18 0.695000 0.936000 0.084667 0.078667
26 0.449333 0.831000 0.069333 0.059333
26 0.644333 0.460333 0.087333 0.062000
7 0.699667 0.810333 0.051333 0.038000
7 0.044000 0.025333 0.018667 0.018667
0 0.764667 0.726667 0.013333 0.013333
0 0.650667 0.301333 0.018667 0.018667
