11 0.624736 0.454469 0.226216 0.166948
11 0.376321 0.342327 0.054968 0.043845
10 0.945032 0.807757 0.042283 0.033727
10 0.847780 0.372681 0.059197 0.047218
5 0.832981 0.615514 0.050740 0.040472
5 0.321353 0.964587 0.046512 0.037099
22 0.508457 0.236088 0.183932 0.097808
22 0.284355 0.731029 0.205074 0.153457
14 0.312896 0.298482 0.042283 0.033727
14 0.816068 0.147555 0.194503 0.099494
2 0.147992 0.617201 0.042283 0.033727
2 0.215645 0.180438 0.139535 0.148398
18 0.437632 0.362563 0.042283 0.033727
18 0.716702 0.887015 0.059197 0.047218
