31 0.906103 0.093220 0.122066 0.110169
31 0.492958 0.491525 0.422535 0.627119
16 0.446009 0.927966 0.122066 0.110169
4 0.154930 0.411017 0.131455 0.118644
17 0.847418 0.493644 0.276995 0.233051
17 0.723005 0.881356 0.131455 0.118644
3 0.286385 0.067797 0.131455 0.118644
3 0.079812 0.788136 0.093897 0.084746
2 0.164319 0.097458 0.093897 0.084746
2 0.187793 0.919492 0.093897 0.084746
1 0.140845 0.694915 0.112676 0.101695
1 0.868545 0.830508 0.093897 0.084746
22 0.906103 0.703390 0.093897 0.084746
