R 0.729545 0.465714 0.074675 0.111429
R 0.058117 0.329286 0.075974 0.224286
7 0.648701 0.038571 0.014286 0.031429
7 0.792532 0.515000 0.046104 0.095714
J 0.429870 0.808571 0.012987 0.028571
J 0.585390 0.696429 0.046104 0.204286
B 0.919481 0.297143 0.015584 0.034286
B 0.263636 0.912857 0.012987 0.028571
1 0.541558 0.120000 0.014286 0.031429
1 0.961039 0.894286 0.016883 0.037143
4 0.833766 0.778571 0.012987 0.028571
4 0.504545 0.476429 0.088312 0.155714
V 0.138312 0.120000 0.012987 0.028571
V 0.064286 0.897143 0.012987 0.028571
