9 0.160870 0.077369 0.054348 0.154739
9 0.207609 0.433269 0.021739 0.038685
7 0.392391 0.818182 0.086957 0.189555
7 0.225543 0.247582 0.107609 0.143133
E 0.648913 0.286267 0.028261 0.050290
E 0.577174 0.191489 0.021739 0.038685
K 0.356522 0.363636 0.141304 0.112186
K 0.130435 0.557060 0.119565 0.174081
B 0.231522 0.628627 0.030435 0.054159
B 0.753261 0.633462 0.084783 0.276596
6 0.633696 0.023211 0.021739 0.038685
6 0.909239 0.866538 0.088043 0.216634
3 0.239130 0.887814 0.145652 0.201161
3 0.091304 0.241779 0.021739 0.038685
4 0.428261 0.104449 0.023913 0.042553
4 0.664130 0.177950 0.026087 0.046422
R 0.556522 0.361702 0.110870 0.181818
R 0.549457 0.587041 0.120652 0.164410
