T 0.545185 0.134444 0.029630 0.022222
T 0.570370 0.455556 0.029630 0.022222
Y 0.365926 0.780000 0.127407 0.055556
Y 0.848889 0.162222 0.035556 0.026667
E 0.088889 0.216667 0.038519 0.028889
E 0.734074 0.561667 0.161481 0.154444
G 0.755556 0.363333 0.171852 0.128889
G 0.200000 0.108889 0.029630 0.022222
N 0.379259 0.932222 0.035556 0.026667
N 0.301481 0.633333 0.105185 0.108889
X 0.088889 0.607778 0.177778 0.113333
X 0.561481 0.844444 0.032593 0.024444
Q 0.890370 0.914444 0.029630 0.022222
Q 0.848889 0.477778 0.041481 0.031111
C 0.684444 0.686667 0.029630 0.022222
C 0.117778 0.856667 0.176296 0.113333
K 0.740741 0.152222 0.032593 0.024444
K 0.266667 0.744444 0.029630 0.022222
