5 0.699219 0.298828 0.281250 0.087240
5 0.368164 0.155599 0.205078 0.121094
27 0.562500 0.106771 0.046875 0.031250
27 0.264648 0.400391 0.158203 0.191406
7 0.412109 0.627604 0.039062 0.026042
7 0.661133 0.931641 0.240234 0.118490
22 0.727539 0.738932 0.126953 0.102865
22 0.310547 0.921875 0.039062 0.026042
12 0.023438 0.610677 0.046875 0.031250
12 0.650391 0.186198 0.039062 0.026042
16 0.033203 0.277344 0.054688 0.036458
16 0.511719 0.433594 0.210938 0.075521
31 0.134766 0.781901 0.226562 0.147135
15 0.761719 0.188802 0.054688 0.036458
15 0.780273 0.582031 0.259766 0.174479
13 0.042969 0.503906 0.039062 0.026042
13 0.541016 0.748698 0.039062 0.026042
