5 0.642778 0.357500 0.011111 0.016667
5 0.121944 0.279583 0.040556 0.109167
0 0.227778 0.979167 0.011111 0.016667
0 0.076111 0.401667 0.082222 0.070000
E 0.181944 0.832500 0.052778 0.041667
E 0.615556 0.836667 0.011111 0.016667
B 0.379167 0.180417 0.041667 0.065833
B 0.696667 0.638333 0.011111 0.016667
3 0.136111 0.121667 0.014444 0.021667
3 0.712500 0.210417 0.051667 0.100833
Y 0.908333 0.947500 0.014444 0.021667
Y 0.485000 0.088333 0.038889 0.051667
A 0.877222 0.575833 0.011111 0.016667
A 0.565556 0.767500 0.011111 0.016667
T 0.615833 0.146250 0.069444 0.097500
T 0.776667 0.121667 0.076667 0.100000
