2 0.346645 0.798561 0.038339 0.057554
2 0.648562 0.424460 0.041534 0.062350
6 0.800319 0.628297 0.031949 0.047962
6 0.696486 0.208633 0.031949 0.047962
16 0.268371 0.793765 0.031949 0.047962
16 0.872204 0.826139 0.092652 0.294964
17 0.391374 0.258993 0.031949 0.047962
17 0.445687 0.297362 0.031949 0.047962
24 0.795527 0.404077 0.226837 0.294964
24 0.293930 0.140288 0.134185 0.208633
13 0.560703 0.508393 0.031949 0.047962
13 0.578275 0.369305 0.041534 0.062350
10 0.341853 0.553957 0.031949 0.047962
10 0.578275 0.266187 0.031949 0.047962
