33 0.791209 0.067233 0.148352 0.092736
33 0.802198 0.401468 0.093407 0.101236
24 0.057692 0.484544 0.027473 0.015456
24 0.848901 0.784389 0.032967 0.018547
8 0.495192 0.578053 0.081044 0.071097
8 0.390110 0.210201 0.035714 0.020093
25 0.363324 0.775889 0.193681 0.129830
25 0.659341 0.694745 0.027473 0.015456
14 0.575549 0.028207 0.074176 0.040958
14 0.978022 0.693972 0.027473 0.015456
10 0.546016 0.217156 0.127747 0.071097
10 0.260302 0.243045 0.097527 0.088872
0 0.369505 0.989954 0.027473 0.015456
0 0.212912 0.550232 0.038462 0.021638
28 0.789835 0.857032 0.027473 0.015456
28 0.218407 0.608578 0.142857 0.087326
2 0.686813 0.594281 0.203297 0.097372
2 0.497253 0.297913 0.126374 0.061051
