C 0.488889 0.462778 0.154074 0.150000
C 0.586667 0.816667 0.038519 0.028889
0 0.222963 0.147778 0.134815 0.091111
0 0.475556 0.116111 0.171852 0.141111
3 0.977778 0.205556 0.029630 0.022222
3 0.165926 0.468333 0.296296 0.223333
U 0.617778 0.688889 0.029630 0.022222
U 0.412593 0.733333 0.078519 0.108889
Q 0.195556 0.848889 0.216296 0.075556
Q 0.130370 0.753333 0.032593 0.024444
V 0.242963 0.644444 0.029630 0.022222
V 0.717037 0.821111 0.207407 0.148889
H 0.354074 0.302222 0.032593 0.024444
H 0.330370 0.705556 0.074074 0.108889
