A 0.892262 0.965071 0.019589 0.025873
A 0.890304 0.588616 0.019589 0.025873
P 0.619001 0.769728 0.019589 0.025873
P 0.142018 0.855110 0.019589 0.025873
5 0.681685 0.934023 0.019589 0.025873
5 0.674829 0.562096 0.048972 0.068564
T 0.836925 0.800129 0.073457 0.187581
T 0.890304 0.670116 0.023506 0.031048
E 0.438786 0.054981 0.060725 0.076326
E 0.973555 0.765847 0.019589 0.025873
B 0.701763 0.265201 0.138100 0.183700
B 0.242899 0.313066 0.019589 0.025873
0 0.283056 0.230272 0.019589 0.025873
0 0.842311 0.366106 0.129285 0.160414
Q 0.361900 0.683700 0.145935 0.161708
Q 0.524976 0.894567 0.154750 0.205692
J 0.696866 0.734799 0.100881 0.144890
J 0.820764 0.544631 0.027424 0.036223
N 0.242899 0.684347 0.025465 0.033635
N 0.487757 0.463131 0.019589 0.025873
