H 0.166667 0.312963 0.266667 0.144444
H 0.916667 0.762963 0.044444 0.044444
F 0.944444 0.611111 0.048148 0.048148
F 0.142593 0.903704 0.051852 0.051852
B 0.501852 0.179630 0.048148 0.048148
B 0.505556 0.752778 0.174074 0.135185
P 0.761111 0.325926 0.140741 0.092593
P 0.081481 0.870370 0.044444 0.044444
2 0.771296 0.822222 0.112963 0.166667
2 0.381481 0.172222 0.096296 0.266667
6 0.287963 0.815741 0.164815 0.264815
6 0.564815 0.450000 0.159259 0.281481
8 0.588889 0.038889 0.037037 0.037037
8 0.333333 0.550926 0.244444 0.253704
5 0.614815 0.186111 0.140741 0.220370
5 0.861111 0.153704 0.137037 0.118519
C 0.275926 0.159259 0.051852 0.051852
C 0.111111 0.675926 0.144444 0.192593
