3 0.761508 0.282018 0.155730 0.214748
3 0.957884 0.492885 0.062684 0.155239
H 0.619980 0.853816 0.027424 0.036223
H 0.550441 0.710220 0.050930 0.085382
B 0.127326 0.433376 0.115573 0.139715
B 0.555338 0.299483 0.125367 0.161708
2 0.470617 0.573092 0.104799 0.139715
2 0.737512 0.942432 0.086190 0.109961
K 0.803624 0.634541 0.116552 0.164295
K 0.316846 0.684994 0.128306 0.122898
C 0.533790 0.875809 0.019589 0.025873
C 0.874633 0.921087 0.027424 0.036223
T 0.841332 0.879690 0.019589 0.025873
T 0.216944 0.129366 0.159647 0.142303
1 0.796278 0.503234 0.025465 0.033635
1 0.935357 0.280724 0.109696 0.183700
