V 0.493229 0.650926 0.014583 0.025926
V 0.948437 0.935185 0.010417 0.018519
6 0.319271 0.416204 0.078125 0.086111
6 0.945833 0.913889 0.010417 0.018519
4 0.940885 0.657870 0.038021 0.097222
4 0.058073 0.694444 0.074479 0.079630
U 0.602865 0.130556 0.041146 0.057407
U 0.977604 0.242593 0.010417 0.018519
R 0.350000 0.960185 0.012500 0.022222
R 0.233854 0.772222 0.044792 0.072222
D 0.130208 0.618981 0.031250 0.080556
D 0.859896 0.891667 0.010417 0.018519
9 0.961458 0.743519 0.010417 0.018519
9 0.399740 0.634722 0.074479 0.113889
