P 0.426518 0.323741 0.194888 0.297362
P 0.869010 0.513189 0.044728 0.067146
5 0.815495 0.208633 0.100639 0.148681
5 0.065495 0.146283 0.044728 0.067146
3 0.217252 0.141487 0.038339 0.057554
3 0.123003 0.832134 0.137380 0.220624
B 0.686901 0.683453 0.031949 0.047962
B 0.199681 0.462830 0.226837 0.268585
E 0.816294 0.438849 0.044728 0.067146
E 0.643770 0.618705 0.031949 0.047962
0 0.636581 0.105516 0.091054 0.211031
0 0.741214 0.462830 0.041534 0.062350
L 0.654952 0.345324 0.044728 0.067146
L 0.838658 0.802158 0.239617 0.362110
M 0.563898 0.055156 0.035144 0.052758
M 0.416933 0.821343 0.182109 0.294964
