T 0.684444 0.173333 0.088889 0.088889
T 0.420000 0.353333 0.253333 0.475556
W 0.195556 0.635556 0.115556 0.115556
W 0.740000 0.546667 0.377778 0.408889
Q 0.124444 0.822222 0.088889 0.088889
Q 0.817778 0.182222 0.106667 0.106667
N 0.760000 0.857778 0.088889 0.088889
N 0.857778 0.880000 0.106667 0.106667
S 0.213333 0.737778 0.088889 0.088889
S 0.155556 0.351111 0.115556 0.115556
E 0.120000 0.933333 0.124444 0.124444
E 0.320000 0.955556 0.088889 0.088889
Y 0.337778 0.071111 0.088889 0.088889
Y 0.324444 0.844444 0.088889 0.088889
J 0.235556 0.111111 0.115556 0.115556
J 0.080000 0.222222 0.088889 0.088889
