8 0.118333 0.086957 0.016667 0.031056
8 0.322500 0.433230 0.016667 0.031056
18 0.650833 0.270186 0.023333 0.043478
18 0.771250 0.881988 0.119167 0.164596
0 0.312917 0.120342 0.055833 0.175466
0 0.271250 0.532609 0.077500 0.136646
16 0.528750 0.777950 0.122500 0.149068
16 0.515000 0.383540 0.023333 0.043478
25 0.415833 0.661491 0.085000 0.096273
25 0.915833 0.551242 0.020000 0.037267
7 0.228333 0.773292 0.016667 0.031056
7 0.634167 0.100932 0.021667 0.040373
24 0.238333 0.948758 0.023333 0.043478
24 0.931250 0.298913 0.044167 0.190994
12 0.646250 0.459627 0.054167 0.142857
12 0.809167 0.777950 0.023333 0.043478
13 0.445000 0.388199 0.023333 0.043478
13 0.379167 0.392857 0.016667 0.031056
