W 0.810945 0.832669 0.099502 0.079681
W 0.746269 0.378486 0.497512 0.573705
V 0.246269 0.695219 0.492537 0.362550
V 0.124378 0.454183 0.099502 0.079681
5 0.805970 0.721116 0.109453 0.087649
E 0.303483 0.195219 0.139303 0.111554
E 0.378109 0.442231 0.099502 0.079681
J 0.194030 0.071713 0.129353 0.103586
J 0.124378 0.171315 0.119403 0.095618
U 0.228856 0.402390 0.099502 0.079681
U 0.412935 0.043825 0.099502 0.079681
X 0.800995 0.944223 0.099502 0.079681
Q 0.597015 0.804781 0.119403 0.095618
Q 0.238806 0.310757 0.109453 0.087649
