X 0.657778 0.751111 0.124444 0.124444
X 0.791111 0.097778 0.115556 0.115556
D 0.173333 0.871111 0.088889 0.088889
D 0.246667 0.388889 0.386667 0.644444
A 0.755556 0.415556 0.373333 0.493333
A 0.057778 0.804444 0.088889 0.088889
1 0.311111 0.782222 0.088889 0.088889
1 0.511111 0.604444 0.088889 0.088889
8 0.933333 0.773333 0.088889 0.088889
C 0.804444 0.822222 0.088889 0.088889
C 0.560000 0.102222 0.088889 0.088889
Z 0.911111 0.044444 0.088889 0.088889
Z 0.520000 0.711111 0.088889 0.088889
9 0.506667 0.862222 0.088889 0.088889
P 0.502222 0.462222 0.088889 0.088889
