D 0.826667 0.169000 0.026667 0.020000
D 0.825333 0.148000 0.029333 0.022000
4 0.478000 0.631000 0.206667 0.118000
4 0.151333 0.885000 0.190667 0.148000
H 0.578000 0.164000 0.121333 0.088000
H 0.830000 0.907500 0.145333 0.115000
3 0.514667 0.817000 0.032000 0.024000
3 0.250000 0.569500 0.158667 0.099000
X 0.334000 0.121500 0.188000 0.145000
X 0.492000 0.375000 0.032000 0.024000
M 0.974667 0.393000 0.034667 0.026000
M 0.872000 0.484000 0.032000 0.024000
S 0.880000 0.264000 0.157333 0.118000
S 0.938667 0.387000 0.026667 0.020000
T 0.764000 0.458000 0.037333 0.028000
T 0.264667 0.693500 0.182667 0.129000
8 0.522667 0.440000 0.090667 0.074000
8 0.092667 0.341500 0.182667 0.141000
