D 0.516667 0.815741 0.303704 0.283333
D 0.048148 0.592593 0.048148 0.048148
P 0.712037 0.097222 0.272222 0.179630
P 0.140741 0.098148 0.048148 0.048148
9 0.342593 0.150000 0.051852 0.051852
9 0.953704 0.835185 0.044444 0.044444
V 0.894444 0.681481 0.051852 0.051852
V 0.400000 0.387037 0.122222 0.248148
T 0.546296 0.346296 0.051852 0.051852
T 0.959259 0.135185 0.048148 0.048148
2 0.109259 0.750926 0.214815 0.242593
2 0.972222 0.724074 0.044444 0.044444
W 0.592593 0.327778 0.040741 0.040741
W 0.442593 0.088889 0.048148 0.048148
