A 0.796000 0.129000 0.032000 0.024000
A 0.246000 0.656500 0.185333 0.055000
9 0.440000 0.508000 0.034667 0.026000
9 0.037333 0.603000 0.029333 0.022000
G 0.138667 0.795500 0.194667 0.113000
G 0.829333 0.491000 0.120000 0.118000
T 0.849333 0.125000 0.029333 0.022000
T 0.172000 0.715000 0.032000 0.024000
P 0.370000 0.752500 0.148000 0.123000
P 0.813333 0.656500 0.101333 0.121000
D 0.529333 0.517500 0.120000 0.105000
D 0.725333 0.287000 0.034667 0.026000
3 0.394667 0.283000 0.034667 0.026000
3 0.888000 0.787000 0.037333 0.028000
Y 0.133333 0.321000 0.114667 0.056000
Y 0.658667 0.151000 0.186667 0.114000
1 0.183333 0.480500 0.108000 0.113000
1 0.652667 0.283000 0.100000 0.108000
J 0.536000 0.626000 0.165333 0.074000
J 0.956000 0.431000 0.026667 0.020000
