8 0.062500 0.172917 0.027778 0.041667
8 0.366667 0.075000 0.027778 0.041667
P 0.581250 0.866667 0.093056 0.125000
P 0.413889 0.850000 0.177778 0.170833
N 0.500000 0.697917 0.027778 0.041667
N 0.063889 0.808333 0.036111 0.054167
G 0.438889 0.466667 0.036111 0.054167
G 0.102778 0.860417 0.027778 0.041667
5 0.941667 0.452083 0.027778 0.041667
5 0.648611 0.429167 0.027778 0.041667
Y 0.820139 0.537500 0.215278 0.341667
Y 0.090278 0.597917 0.033333 0.050000
T 0.196528 0.102083 0.134722 0.137500
T 0.369444 0.168750 0.027778 0.041667
L 0.749306 0.183333 0.165278 0.262500
L 0.155556 0.402083 0.033333 0.050000
7 0.343056 0.330208 0.088889 0.281250
7 0.745833 0.885417 0.027778 0.041667
R 0.236806 0.672917 0.162500 0.295833
R 0.959722 0.914583 0.030556 0.045833
