E 0.476837 0.390887 0.206070 0.153477
E 0.122204 0.739808 0.132588 0.347722
F 0.683706 0.196643 0.044728 0.067146
F 0.855431 0.131894 0.225240 0.158273
A 0.573482 0.748201 0.194888 0.364508
A 0.384984 0.741007 0.044728 0.067146
2 0.394569 0.270983 0.031949 0.047962
2 0.885783 0.666667 0.199681 0.388489
Z 0.169329 0.276978 0.089457 0.242206
Z 0.389776 0.079137 0.044728 0.067146
H 0.464856 0.251799 0.038339 0.057554
C 0.290735 0.443645 0.115016 0.230216
N 0.579073 0.128297 0.154952 0.232614
N 0.241214 0.908873 0.038339 0.057554
