6 0.395652 0.531915 0.108696 0.235977
6 0.695652 0.620890 0.021739 0.038685
S 0.964130 0.483559 0.021739 0.038685
S 0.741304 0.263056 0.021739 0.038685
Q 0.250000 0.491296 0.110870 0.247582
Q 0.538043 0.599613 0.030435 0.054159
K 0.045652 0.123791 0.028261 0.050290
K 0.850000 0.620890 0.097826 0.243714
Z 0.517391 0.884913 0.084783 0.191489
Z 0.255435 0.181818 0.028261 0.050290
L 0.881522 0.228240 0.152174 0.290135
L 0.513043 0.248549 0.134783 0.264990
B 0.027174 0.038685 0.021739 0.038685
B 0.054891 0.371373 0.098913 0.266925
7 0.237500 0.857834 0.159783 0.210832
7 0.648370 0.776596 0.109783 0.257253
D 0.079891 0.731141 0.122826 0.197292
D 0.720652 0.445841 0.147826 0.261122
