32 0.905273 0.817708 0.111328 0.152778
32 0.589844 0.114583 0.019531 0.034722
27 0.987305 0.982639 0.019531 0.034722
27 0.719727 0.430556 0.019531 0.034722
22 0.742676 0.530382 0.122070 0.133681
22 0.074219 0.605903 0.023438 0.041667
13 0.508301 0.689236 0.084961 0.156250
13 0.902832 0.392361 0.100586 0.138889
28 0.971191 0.567708 0.053711 0.208333
28 0.773438 0.418403 0.019531 0.034722
9 0.187988 0.863715 0.057617 0.164931
9 0.614258 0.581597 0.019531 0.034722
10 0.097656 0.960069 0.025391 0.045139
10 0.500977 0.583333 0.025391 0.045139
