4 0.478027 0.716406 0.147461 0.121875
4 0.040039 0.671875 0.021484 0.017188
24 0.067871 0.422266 0.073242 0.069531
24 0.173828 0.876563 0.019531 0.015625
18 0.893066 0.371875 0.141602 0.093750
18 0.730957 0.806250 0.083008 0.067187
21 0.564453 0.237500 0.019531 0.015625
21 0.744141 0.467188 0.021484 0.017188
32 0.235352 0.423438 0.072266 0.107813
32 0.499512 0.127734 0.081055 0.086719
23 0.499023 0.959375 0.019531 0.015625
23 0.191895 0.644531 0.092773 0.084375
9 0.764648 0.192188 0.027344 0.021875
9 0.693359 0.043750 0.142578 0.057813
33 0.506836 0.533594 0.156250 0.089063
33 0.117676 0.099609 0.075195 0.100781
17 0.760254 0.293750 0.102539 0.056250
17 0.915039 0.456250 0.089844 0.043750
