21 0.395996 0.384766 0.094727 0.140625
21 0.516602 0.954102 0.019531 0.019531
25 0.816895 0.652344 0.112305 0.115234
25 0.175781 0.233887 0.136719 0.116211
11 0.320312 0.508789 0.019531 0.019531
11 0.621582 0.662598 0.165039 0.159180
0 0.796875 0.509766 0.021484 0.021484
0 0.135254 0.465332 0.135742 0.147461
17 0.487305 0.203125 0.097656 0.132812
17 0.895508 0.926758 0.019531 0.019531
30 0.321289 0.717285 0.146484 0.131836
30 0.208008 0.767578 0.019531 0.019531
20 0.024414 0.862305 0.019531 0.019531
20 0.285156 0.348633 0.023438 0.023438
24 0.503906 0.813477 0.019531 0.019531
24 0.583984 0.564453 0.027344 0.027344
5 0.042969 0.431641 0.021484 0.021484
5 0.787109 0.353516 0.158203 0.126953
