11 0.462222 0.164444 0.115556 0.115556
11 0.622222 0.568889 0.577778 0.471111
19 0.115556 0.648889 0.088889 0.088889
1 0.124444 0.346667 0.088889 0.088889
1 0.244444 0.742222 0.088889 0.088889
22 0.120000 0.537778 0.088889 0.088889
22 0.186667 0.848889 0.088889 0.088889
26 0.742222 0.911111 0.088889 0.088889
9 0.617778 0.191111 0.088889 0.088889
9 0.551111 0.906667 0.106667 0.106667
28 0.173333 0.173333 0.115556 0.115556
28 0.231111 0.568889 0.088889 0.088889
8 0.871111 0.248889 0.124444 0.124444
