Y 0.168889 0.502222 0.088889 0.088889
Y 0.600000 0.213333 0.124444 0.124444
H 0.504444 0.666667 0.484444 0.666667
H 0.840000 0.173333 0.115556 0.115556
E 0.884444 0.626667 0.088889 0.088889
R 0.813333 0.328889 0.115556 0.115556
R 0.142222 0.782222 0.097778 0.097778
6 0.168889 0.591111 0.088889 0.088889
6 0.075556 0.351111 0.088889 0.088889
M 0.231111 0.151111 0.328889 0.266667
M 0.924444 0.920000 0.088889 0.088889
5 0.955556 0.417778 0.088889 0.088889
5 0.844444 0.733333 0.124444 0.124444
F 0.191111 0.924444 0.088889 0.088889
