W 0.331111 0.140000 0.197037 0.188889
W 0.469630 0.427778 0.035556 0.026667
A 0.872593 0.751111 0.029630 0.022222
A 0.555556 0.300556 0.195556 0.183333
T 0.511111 0.703889 0.106667 0.094444
T 0.380741 0.553333 0.177778 0.168889
F 0.733333 0.438889 0.029630 0.022222
F 0.775556 0.101111 0.155556 0.146667
B 0.892593 0.550000 0.146667 0.066667
B 0.904444 0.905000 0.120000 0.161111
7 0.134074 0.590000 0.131852 0.111111
7 0.914074 0.103333 0.038519 0.028889
8 0.156296 0.851111 0.155556 0.115556
8 0.837037 0.792222 0.041481 0.031111
