U 0.727273 0.234286 0.012987 0.028571
U 0.308766 0.889286 0.088961 0.124286
Y 0.378896 0.539286 0.037013 0.167143
Y 0.935065 0.948571 0.012987 0.028571
B 0.517208 0.144286 0.055195 0.091429
B 0.632468 0.805714 0.012987 0.028571
7 0.370130 0.257143 0.076623 0.088571
7 0.855195 0.802857 0.012987 0.028571
J 0.544481 0.322143 0.062987 0.118571
J 0.191558 0.375714 0.018182 0.040000
R 0.107143 0.610000 0.045455 0.120000
R 0.281494 0.657857 0.069481 0.152857
K 0.805519 0.811429 0.044805 0.188571
K 0.307792 0.115714 0.012987 0.028571
0 0.917857 0.202143 0.082468 0.158571
0 0.650974 0.557143 0.040909 0.140000
