20 0.384984 0.796163 0.031949 0.047962
20 0.268371 0.043165 0.038339 0.057554
29 0.622204 0.736211 0.167732 0.268585
29 0.921725 0.892086 0.038339 0.057554
0 0.868211 0.231415 0.260383 0.390887
0 0.837859 0.750600 0.238019 0.124700
2 0.380192 0.510791 0.044728 0.067146
2 0.530351 0.413669 0.143770 0.323741
26 0.461661 0.163070 0.031949 0.047962
26 0.269968 0.147482 0.099042 0.131894
28 0.208466 0.419664 0.222045 0.345324
28 0.437700 0.575540 0.031949 0.047962
27 0.096645 0.829736 0.164537 0.220624
27 0.910543 0.538369 0.137380 0.213429
