S 0.740000 0.428287 0.250000 0.362550
S 0.337500 0.629482 0.385000 0.342629
W 0.525000 0.131474 0.100000 0.079681
W 0.805000 0.928287 0.110000 0.087649
R 0.905000 0.195219 0.130000 0.103586
0 0.135000 0.856574 0.100000 0.079681
0 0.222500 0.302789 0.285000 0.223108
D 0.065000 0.083665 0.120000 0.095618
D 0.595000 0.800797 0.130000 0.103586
8 0.480000 0.924303 0.100000 0.079681
8 0.775000 0.705179 0.100000 0.079681
5 0.385000 0.067729 0.110000 0.087649
5 0.175000 0.119522 0.100000 0.079681
T 0.460000 0.326693 0.100000 0.079681
T 0.645000 0.159363 0.140000 0.111554
