E 0.560156 0.148611 0.015625 0.027778
E 0.282031 0.706944 0.015625 0.027778
J 0.318359 0.364583 0.138281 0.212500
J 0.781250 0.715972 0.060938 0.118056
N 0.899609 0.850000 0.063281 0.155556
N 0.458594 0.086111 0.071875 0.097222
B 0.093750 0.230556 0.076563 0.116667
B 0.185547 0.297917 0.103906 0.229167
C 0.179297 0.693750 0.071094 0.154167
C 0.046094 0.688889 0.021875 0.038889
G 0.511328 0.617361 0.114844 0.195833
G 0.572266 0.859722 0.105469 0.188889
U 0.070312 0.768056 0.015625 0.027778
U 0.939844 0.194444 0.021875 0.038889
R 0.460938 0.766667 0.068750 0.091667
R 0.665625 0.701389 0.015625 0.027778
Y 0.796875 0.162500 0.104688 0.213889
Y 0.095703 0.507639 0.041406 0.145833
X 0.368750 0.043056 0.015625 0.027778
X 0.650000 0.522917 0.096875 0.198611
