26 0.880000 0.213333 0.106667 0.106667
26 0.746667 0.853333 0.088889 0.088889
22 0.286667 0.571111 0.528889 0.511111
22 0.106667 0.924444 0.106667 0.106667
25 0.528889 0.066667 0.088889 0.088889
25 0.733333 0.177778 0.088889 0.088889
3 0.693333 0.533333 0.088889 0.088889
9 0.262222 0.153333 0.382222 0.271111
11 0.875556 0.640000 0.124444 0.124444
19 0.493333 0.924444 0.088889 0.088889
19 0.951111 0.355556 0.088889 0.088889
0 0.880000 0.520000 0.088889 0.088889
0 0.208889 0.933333 0.088889 0.088889
4 0.644444 0.400000 0.124444 0.124444
