2 0.061458 0.041667 0.011458 0.020370
2 0.710938 0.504630 0.013542 0.024074
A 0.421354 0.874074 0.010417 0.018519
A 0.935677 0.362500 0.040104 0.067593
6 0.563021 0.944444 0.010417 0.018519
6 0.259896 0.757407 0.073958 0.101852
T 0.385937 0.126852 0.048958 0.129630
T 0.856250 0.369444 0.092708 0.148148
Y 0.504687 0.276852 0.010417 0.018519
Y 0.339323 0.675463 0.040104 0.102778
Q 0.483854 0.852778 0.010417 0.018519
Q 0.068750 0.497222 0.011458 0.020370
D 0.441146 0.781481 0.010417 0.018519
D 0.161458 0.521296 0.067708 0.118519
1 0.167448 0.947685 0.052604 0.095370
1 0.351042 0.384259 0.014583 0.025926
F 0.571875 0.570370 0.014583 0.025926
F 0.668750 0.769444 0.014583 0.025926
