32 0.213529 0.803202 0.107059 0.280603
32 0.465882 0.512241 0.023529 0.037665
10 0.392941 0.273070 0.143529 0.248588
10 0.725882 0.109228 0.032941 0.052731
13 0.224706 0.161959 0.025882 0.041431
13 0.902353 0.399247 0.023529 0.037665
16 0.865882 0.386064 0.023529 0.037665
16 0.041176 0.615819 0.023529 0.037665
18 0.892941 0.800377 0.023529 0.037665
18 0.089412 0.241996 0.160000 0.280603
3 0.524706 0.510358 0.025882 0.041431
3 0.951765 0.338983 0.030588 0.048964
11 0.563529 0.726930 0.023529 0.037665
11 0.082353 0.815443 0.098824 0.195857
31 0.904706 0.274953 0.023529 0.037665
31 0.509412 0.122411 0.023529 0.037665
23 0.731765 0.382298 0.089412 0.135593
23 0.802353 0.706215 0.028235 0.045198
