7 0.847656 0.611012 0.072266 0.127886
7 0.258789 0.182948 0.109375 0.177620
27 0.847656 0.278863 0.074219 0.103020
27 0.011719 0.280639 0.019531 0.035524
9 0.176758 0.607460 0.019531 0.035524
9 0.394531 0.087034 0.027344 0.049734
6 0.070312 0.337478 0.019531 0.035524
6 0.597656 0.876554 0.082031 0.239787
14 0.552246 0.436945 0.151367 0.298401
14 0.350586 0.530195 0.126953 0.122558
15 0.609375 0.127886 0.068359 0.209591
15 0.084961 0.461812 0.025391 0.046181
30 0.012695 0.374778 0.023438 0.042629
30 0.856445 0.470693 0.076172 0.106572
4 0.125977 0.470693 0.027344 0.049734
4 0.090820 0.953819 0.019531 0.035524
21 0.696777 0.245115 0.096680 0.223801
21 0.427734 0.470693 0.019531 0.035524
26 0.863281 0.872114 0.138672 0.213144
26 0.488281 0.941385 0.023438 0.042629
