T 0.357500 0.082397 0.032500 0.048689
T 0.240625 0.750000 0.071250 0.207865
8 0.812500 0.923221 0.025000 0.037453
8 0.466250 0.882022 0.025000 0.037453
1 0.710000 0.290262 0.032500 0.048689
1 0.711875 0.700375 0.156250 0.220974
L 0.146250 0.700375 0.092500 0.164794
L 0.483750 0.325843 0.172500 0.295880
V 0.787500 0.445693 0.025000 0.037453
V 0.142500 0.324906 0.207500 0.301498
0 0.903125 0.591760 0.123750 0.254682
0 0.831250 0.428839 0.025000 0.037453
G 0.361250 0.735955 0.080000 0.138577
G 0.678750 0.451311 0.170000 0.269663
9 0.093750 0.827715 0.030000 0.044944
9 0.887500 0.355805 0.025000 0.037453
