0 0.228022 0.533230 0.030220 0.017002
0 0.674451 0.191654 0.038462 0.021638
9 0.058379 0.858578 0.111264 0.063369
9 0.518544 0.781685 0.174451 0.108964
23 0.032967 0.500773 0.027473 0.015456
23 0.857143 0.832303 0.098901 0.072643
10 0.122253 0.325348 0.173077 0.125193
10 0.057692 0.792890 0.027473 0.015456
31 0.895604 0.741886 0.038462 0.021638
31 0.905907 0.241499 0.111264 0.053323
13 0.708791 0.479907 0.027473 0.015456
13 0.350962 0.189722 0.188187 0.085781
12 0.247253 0.118238 0.038462 0.021638
12 0.192308 0.839258 0.027473 0.015456
2 0.826923 0.583849 0.126374 0.073416
2 0.585165 0.443199 0.214286 0.059505
