Q 0.687083 0.450625 0.009167 0.013750
Q 0.140000 0.816875 0.044167 0.087500
T 0.617083 0.584375 0.020833 0.037500
T 0.710417 0.205937 0.076667 0.119375
4 0.702917 0.735313 0.049167 0.044375
4 0.756667 0.450625 0.072500 0.102500
X 0.685000 0.926875 0.008333 0.012500
X 0.935417 0.345625 0.008333 0.012500
K 0.650417 0.776250 0.011667 0.017500
K 0.104167 0.992500 0.008333 0.012500
M 0.985417 0.898750 0.011667 0.017500
M 0.680417 0.550625 0.008333 0.012500
H 0.456667 0.439375 0.008333 0.012500
H 0.543333 0.518125 0.010000 0.015000
