5 0.401667 0.755000 0.057778 0.108333
5 0.297778 0.837500 0.051111 0.105000
A 0.448889 0.145833 0.015556 0.023333
A 0.052778 0.820833 0.062222 0.100000
U 0.222500 0.659583 0.041667 0.067500
U 0.760833 0.102083 0.080556 0.115833
4 0.278333 0.192500 0.011111 0.016667
4 0.141111 0.305000 0.011111 0.016667
B 0.055556 0.312500 0.014444 0.021667
B 0.514444 0.491667 0.011111 0.016667
1 0.945000 0.411667 0.067778 0.078333
1 0.491389 0.325417 0.055000 0.112500
C 0.548333 0.518333 0.013333 0.020000
C 0.881111 0.091667 0.011111 0.016667
L 0.554444 0.212500 0.011111 0.016667
L 0.956667 0.840833 0.080000 0.108333
