1 0.718816 0.331366 0.291755 0.234401
1 0.733615 0.676223 0.042283 0.033727
3 0.678647 0.698145 0.059197 0.047218
3 0.689218 0.492411 0.059197 0.047218
Y 0.436575 0.378583 0.247357 0.244519
Y 0.219873 0.222597 0.059197 0.047218
F 0.374207 0.741990 0.207188 0.222597
F 0.138478 0.455312 0.171247 0.249578
J 0.424947 0.126476 0.050740 0.040472
J 0.710359 0.880270 0.135307 0.239460
E 0.188161 0.693086 0.131078 0.104553
E 0.107822 0.274874 0.042283 0.033727
P 0.818182 0.086847 0.295983 0.102867
7 0.816068 0.824621 0.042283 0.033727
7 0.073996 0.740304 0.042283 0.033727
G 0.463002 0.957841 0.042283 0.033727
G 0.556025 0.082631 0.186047 0.155143
