6 0.347656 0.075000 0.046354 0.107407
6 0.896354 0.758333 0.010417 0.018519
12 0.931250 0.543519 0.010417 0.018519
12 0.057812 0.512963 0.010417 0.018519
0 0.769271 0.700000 0.011458 0.020370
0 0.691667 0.375000 0.010417 0.018519
31 0.097917 0.653704 0.010417 0.018519
31 0.617188 0.613889 0.012500 0.022222
21 0.957812 0.903704 0.014583 0.025926
21 0.840104 0.928241 0.048958 0.137963
5 0.771875 0.828704 0.013542 0.024074
5 0.255729 0.915741 0.011458 0.020370
26 0.418229 0.553704 0.010417 0.018519
26 0.773438 0.592593 0.010417 0.018519
