Q 0.459375 0.867978 0.173750 0.099251
Q 0.515000 0.590824 0.112500 0.230337
J 0.763125 0.214419 0.156250 0.264045
J 0.753750 0.846442 0.027500 0.041199
0 0.411250 0.041199 0.025000 0.037453
0 0.306250 0.522472 0.025000 0.037453
1 0.204375 0.556180 0.128750 0.262172
1 0.373750 0.970037 0.035000 0.052434
C 0.438750 0.165730 0.075000 0.129213
C 0.630000 0.795880 0.025000 0.037453
9 0.837500 0.797753 0.135000 0.224719
9 0.070000 0.859551 0.027500 0.041199
Y 0.788750 0.518727 0.035000 0.052434
Y 0.158125 0.096442 0.176250 0.177903
