17 0.340000 0.585395 0.033333 0.023557
17 0.812500 0.394582 0.181667 0.143698
10 0.203333 0.077150 0.203333 0.144876
10 0.254167 0.418728 0.291667 0.184923
9 0.551667 0.257951 0.046667 0.032980
9 0.134167 0.626620 0.221667 0.167256
20 0.806667 0.524146 0.140000 0.082450
20 0.691667 0.732627 0.216667 0.089517
0 0.386667 0.828033 0.150000 0.148410
0 0.143333 0.872203 0.190000 0.081272
16 0.704167 0.882214 0.151667 0.160188
16 0.021667 0.062426 0.033333 0.023557
1 0.738333 0.100118 0.193333 0.160188
1 0.480000 0.865724 0.033333 0.023557
29 0.633333 0.446408 0.040000 0.028269
29 0.921667 0.800353 0.116667 0.170789
14 0.455000 0.119552 0.283333 0.196702
14 0.348333 0.312132 0.036667 0.025913
