Y 0.729948 0.452778 0.066146 0.083333
Y 0.353646 0.812963 0.067708 0.124074
L 0.730208 0.612037 0.013542 0.024074
L 0.123958 0.833333 0.010417 0.018519
X 0.207292 0.370370 0.081250 0.112963
X 0.806250 0.464815 0.061458 0.127778
U 0.036979 0.873148 0.010417 0.018519
U 0.944271 0.833333 0.011458 0.020370
4 0.975000 0.989815 0.011458 0.020370
4 0.231771 0.807407 0.010417 0.018519
C 0.602604 0.736111 0.012500 0.022222
C 0.787500 0.344444 0.010417 0.018519
A 0.067187 0.331019 0.068750 0.108333
A 0.662760 0.719907 0.081771 0.162037
F 0.791146 0.878704 0.012500 0.022222
F 0.840625 0.905556 0.011458 0.020370
6 0.321354 0.141667 0.012500 0.022222
6 0.389062 0.603241 0.076042 0.104630
