M 0.459961 0.883594 0.027344 0.021875
M 0.787598 0.286719 0.139648 0.070312
6 0.721680 0.404297 0.130859 0.089844
6 0.485352 0.010156 0.019531 0.015625
1 0.344238 0.519922 0.106445 0.053906
1 0.612793 0.391797 0.086914 0.080469
9 0.301270 0.321094 0.131836 0.109375
9 0.494629 0.739063 0.143555 0.096875
8 0.070312 0.470313 0.021484 0.017188
8 0.273438 0.825391 0.119141 0.082031
2 0.344727 0.174219 0.021484 0.017188
2 0.412109 0.610938 0.025391 0.020313
G 0.051758 0.889063 0.027344 0.021875
G 0.945312 0.257031 0.023438 0.018750
F 0.978516 0.307031 0.021484 0.017188
F 0.788574 0.894922 0.143555 0.046094
R 0.535156 0.321094 0.027344 0.021875
R 0.685547 0.702344 0.027344 0.021875
3 0.934082 0.857813 0.094727 0.073438
3 0.830566 0.198828 0.131836 0.092969
