C 0.940299 0.322709 0.119403 0.095618
C 0.323383 0.408367 0.527363 0.386454
Y 0.507463 0.103586 0.099502 0.079681
T 0.303483 0.852590 0.497512 0.215139
Q 0.194030 0.689243 0.129353 0.103586
Q 0.761194 0.677291 0.099502 0.079681
4 0.054726 0.669323 0.109453 0.087649
4 0.805970 0.231076 0.139303 0.111554
V 0.915423 0.517928 0.129353 0.103586
V 0.825871 0.916335 0.119403 0.095618
X 0.761194 0.438247 0.139303 0.111554
6 0.935323 0.187251 0.099502 0.079681
1 0.940299 0.043825 0.099502 0.079681
1 0.721393 0.075697 0.099502 0.079681
