28 0.284444 0.564444 0.088889 0.088889
28 0.560000 0.408889 0.115556 0.115556
12 0.057778 0.622222 0.115556 0.115556
12 0.684444 0.804444 0.542222 0.373333
19 0.755556 0.242222 0.248889 0.386667
19 0.257778 0.711111 0.106667 0.106667
1 0.226667 0.246667 0.400000 0.475556
33 0.328889 0.853333 0.097778 0.097778
33 0.075556 0.906667 0.088889 0.088889
8 0.924444 0.155556 0.088889 0.088889
8 0.942222 0.484444 0.097778 0.097778
21 0.937778 0.337778 0.106667 0.106667
21 0.133333 0.782222 0.124444 0.124444
29 0.542222 0.546667 0.124444 0.124444
