4 0.519531 0.158082 0.019531 0.035524
4 0.378906 0.545293 0.027344 0.049734
L 0.876953 0.145648 0.027344 0.049734
L 0.385742 0.190053 0.144531 0.213144
C 0.583984 0.572824 0.119141 0.211368
C 0.708008 0.616341 0.019531 0.035524
H 0.903809 0.280639 0.086914 0.206039
H 0.727051 0.370337 0.114258 0.293073
A 0.191406 0.718472 0.085938 0.101243
A 0.832031 0.326821 0.019531 0.035524
Z 0.898438 0.753996 0.126953 0.264654
Z 0.743164 0.082593 0.142578 0.158082
T 0.244629 0.181172 0.079102 0.230906
T 0.536133 0.934281 0.027344 0.049734
Q 0.180664 0.383659 0.136719 0.120782
Q 0.932617 0.159858 0.019531 0.035524
S 0.325195 0.783304 0.136719 0.234458
S 0.456055 0.500000 0.111328 0.261101
U 0.038086 0.179396 0.027344 0.049734
U 0.754883 0.630551 0.025391 0.046181
