U 0.319239 0.187184 0.042283 0.033727
U 0.350951 0.475548 0.042283 0.033727
B 0.456660 0.852445 0.228330 0.119730
B 0.205074 0.473862 0.059197 0.047218
4 0.272727 0.648398 0.363636 0.247892
4 0.573996 0.336425 0.264271 0.190556
D 0.728330 0.486509 0.217759 0.089376
D 0.084567 0.092749 0.054968 0.043845
K 0.021142 0.672850 0.042283 0.033727
K 0.817125 0.857504 0.133192 0.251265
9 0.162791 0.338954 0.054968 0.043845
9 0.718816 0.112142 0.279070 0.217538
E 0.120507 0.829680 0.042283 0.033727
E 0.486258 0.028668 0.046512 0.037099
0 0.645877 0.667791 0.209302 0.209106
