C 0.542222 0.475000 0.011111 0.016667
C 0.356667 0.091667 0.014444 0.021667
U 0.857778 0.735833 0.011111 0.016667
U 0.100556 0.608333 0.042222 0.048333
V 0.937222 0.580000 0.011111 0.016667
V 0.182500 0.663750 0.083889 0.094167
F 0.714444 0.715833 0.014444 0.021667
F 0.207222 0.817500 0.011111 0.016667
S 0.474444 0.729167 0.013333 0.020000
S 0.499722 0.752083 0.032778 0.080833
K 0.157500 0.868333 0.080556 0.075000
K 0.750556 0.067917 0.033333 0.112500
N 0.575556 0.849167 0.014444 0.021667
N 0.262778 0.580000 0.071111 0.088333
7 0.102778 0.705000 0.066667 0.085000
7 0.330278 0.739583 0.076111 0.125833
