26 0.315217 0.167120 0.198370 0.099185
26 0.161005 0.699389 0.161685 0.041440
2 0.540082 0.413383 0.126359 0.041440
2 0.850543 0.387228 0.157609 0.097826
3 0.101223 0.497283 0.110054 0.047554
3 0.517663 0.125679 0.027174 0.013587
33 0.027174 0.327446 0.038043 0.019022
33 0.364810 0.883152 0.096467 0.069293
8 0.781929 0.061141 0.199728 0.101902
8 0.726902 0.419158 0.035326 0.017663
27 0.941576 0.631114 0.029891 0.014946
27 0.118207 0.381793 0.035326 0.017663
15 0.795516 0.810462 0.082880 0.088315
15 0.228261 0.506114 0.027174 0.013587
10 0.528533 0.275136 0.027174 0.013587
10 0.527174 0.660326 0.149457 0.084239
29 0.419837 0.991848 0.027174 0.013587
29 0.884511 0.303329 0.171196 0.067255
