23 0.644466 0.631307 0.168462 0.194049
23 0.879530 0.518758 0.019589 0.025873
13 0.121450 0.808538 0.068560 0.178525
13 0.528404 0.247089 0.085211 0.181113
28 0.901567 0.207633 0.071499 0.169470
28 0.499510 0.103493 0.019589 0.025873
17 0.064643 0.248383 0.025465 0.033635
17 0.217434 0.466365 0.148874 0.226391
29 0.792360 0.076326 0.021548 0.028461
29 0.843781 0.796248 0.124388 0.146184
26 0.676787 0.100259 0.109696 0.120310
26 0.499021 0.556921 0.106758 0.125485
11 0.358962 0.763260 0.061704 0.064683
11 0.750735 0.937257 0.130264 0.086675
16 0.570029 0.430789 0.023506 0.031048
16 0.243389 0.807891 0.132223 0.094437
