Q 0.195556 0.155556 0.088889 0.088889
Q 0.440000 0.400000 0.106667 0.106667
P 0.888889 0.542222 0.088889 0.088889
P 0.231111 0.782222 0.097778 0.097778
6 0.106667 0.591111 0.088889 0.088889
6 0.586667 0.653333 0.124444 0.124444
2 0.720000 0.248889 0.435556 0.373333
N 0.448889 0.577778 0.088889 0.088889
J 0.915556 0.688889 0.115556 0.115556
J 0.795556 0.524444 0.088889 0.088889
3 0.315556 0.417778 0.115556 0.115556
Z 0.257778 0.591111 0.088889 0.088889
T 0.626667 0.773333 0.088889 0.088889
T 0.928889 0.791111 0.088889 0.088889
