Y 0.395367 0.611511 0.119808 0.302158
Y 0.830671 0.784173 0.035144 0.052758
X 0.753994 0.812950 0.035144 0.052758
X 0.824281 0.076739 0.041534 0.062350
N 0.531150 0.318945 0.126198 0.302158
N 0.242812 0.143885 0.137380 0.124700
J 0.171725 0.488010 0.260383 0.347722
J 0.844249 0.529976 0.113419 0.124700
H 0.428115 0.100719 0.038339 0.057554
H 0.135783 0.810552 0.031949 0.047962
0 0.528754 0.585132 0.031949 0.047962
0 0.177316 0.896882 0.035144 0.052758
A 0.825080 0.281775 0.174121 0.247002
D 0.075080 0.695444 0.035144 0.052758
D 0.696486 0.531175 0.150160 0.227818
7 0.570288 0.779376 0.172524 0.167866
7 0.476038 0.570743 0.038339 0.057554
