2 0.083008 0.911328 0.130859 0.067969
2 0.537109 0.310156 0.019531 0.015625
M 0.037109 0.070312 0.019531 0.015625
M 0.553711 0.658594 0.130859 0.043750
1 0.264648 0.663281 0.021484 0.017188
1 0.281738 0.165234 0.102539 0.122656
R 0.250000 0.877344 0.126953 0.095313
R 0.975586 0.058594 0.019531 0.015625
G 0.785156 0.928906 0.025391 0.020313
G 0.427734 0.962500 0.025391 0.020313
7 0.843750 0.288281 0.099609 0.117188
7 0.589844 0.914844 0.103516 0.085938
J 0.170410 0.207813 0.083008 0.050000
J 0.280762 0.766797 0.094727 0.078906
X 0.102051 0.327734 0.079102 0.102344
X 0.888672 0.528516 0.136719 0.111719
Z 0.083984 0.782813 0.148438 0.060938
Z 0.748047 0.765625 0.027344 0.021875
