5 0.781593 0.717543 0.228022 0.118238
5 0.843407 0.419629 0.148352 0.075734
M 0.725275 0.128671 0.129121 0.104328
M 0.120879 0.378671 0.027473 0.015456
6 0.368132 0.023957 0.032967 0.018547
6 0.473901 0.864760 0.027473 0.015456
W 0.114011 0.605873 0.156593 0.089645
W 0.116758 0.811437 0.027473 0.015456
Y 0.359203 0.888331 0.174451 0.096600
Y 0.826923 0.244204 0.170330 0.038640
N 0.560440 0.739567 0.195055 0.108192
N 0.810440 0.286708 0.035714 0.020093
J 0.462912 0.659196 0.038462 0.021638
J 0.342720 0.065688 0.105769 0.060278
H 0.859890 0.599691 0.027473 0.015456
H 0.885302 0.135626 0.146978 0.113601
A 0.879121 0.493818 0.038462 0.021638
A 0.967033 0.738022 0.038462 0.021638
F 0.743132 0.510433 0.178571 0.054869
F 0.398352 0.155332 0.035714 0.020093
