3 0.222527 0.530526 0.197802 0.065688
3 0.403846 0.372102 0.162088 0.061051
M 0.765110 0.347759 0.032967 0.018547
M 0.890110 0.816074 0.038462 0.021638
G 0.559066 0.833849 0.038462 0.021638
G 0.483516 0.589645 0.038462 0.021638
V 0.506868 0.281298 0.027473 0.015456
V 0.596841 0.104714 0.116758 0.087326
N 0.816621 0.480680 0.111264 0.086553
N 0.809066 0.113215 0.173077 0.115147
C 0.075549 0.530139 0.032967 0.018547
C 0.545330 0.193199 0.035714 0.020093
W 0.745879 0.594281 0.151099 0.054096
W 0.177198 0.111669 0.173077 0.085781
9 0.325549 0.428130 0.027473 0.015456
9 0.871566 0.269320 0.157967 0.076507
