4 0.086262 0.544365 0.041534 0.062350
4 0.678115 0.345324 0.234824 0.340528
B 0.501597 0.357314 0.031949 0.047962
B 0.291534 0.398082 0.238019 0.422062
6 0.621406 0.587530 0.031949 0.047962
6 0.816294 0.768585 0.182109 0.251799
K 0.913738 0.306954 0.134185 0.220624
K 0.178914 0.854916 0.201278 0.290168
P 0.578275 0.659472 0.031949 0.047962
P 0.972843 0.652278 0.044728 0.067146
M 0.535144 0.364508 0.031949 0.047962
M 0.408147 0.854916 0.199681 0.261391
8 0.077476 0.097122 0.135783 0.189448
J 0.525559 0.083933 0.031949 0.047962
