L 0.403433 0.354286 0.100143 0.171429
L 0.695279 0.754286 0.028612 0.038095
U 0.563662 0.209524 0.028612 0.038095
U 0.396280 0.133333 0.034335 0.045714
M 0.122318 0.556190 0.158798 0.300952
M 0.303290 0.542857 0.028612 0.038095
0 0.861230 0.830476 0.031474 0.041905
0 0.881259 0.502857 0.037196 0.049524
J 0.369814 0.687619 0.107296 0.175238
J 0.560801 0.719048 0.074392 0.150476
3 0.888412 0.024762 0.034335 0.045714
3 0.968526 0.320000 0.031474 0.041905
4 0.703863 0.260952 0.031474 0.041905
4 0.792561 0.624762 0.040057 0.053333
