6 0.288732 0.250000 0.286385 0.347458
6 0.741784 0.769068 0.460094 0.461864
K 0.683099 0.169492 0.427230 0.338983
K 0.197183 0.682203 0.093897 0.084746
2 0.201878 0.500000 0.122066 0.110169
9 0.455399 0.576271 0.093897 0.084746
R 0.183099 0.783898 0.093897 0.084746
U 0.061033 0.627119 0.093897 0.084746
Z 0.323944 0.936441 0.122066 0.110169
E 0.328638 0.758475 0.112676 0.101695
E 0.450704 0.720339 0.093897 0.084746
G 0.521127 0.491525 0.093897 0.084746
B 0.835681 0.457627 0.112676 0.101695
B 0.319249 0.639831 0.131455 0.118644
