X 0.818667 0.182667 0.085333 0.058667
X 0.546667 0.424667 0.013333 0.013333
9 0.401333 0.888000 0.018667 0.018667
9 0.096000 0.283333 0.016000 0.016000
T 0.787667 0.633333 0.060667 0.094667
T 0.514667 0.485333 0.013333 0.013333
V 0.120667 0.061000 0.068000 0.075333
V 0.715000 0.578333 0.056667 0.046000
C 0.515333 0.048667 0.014667 0.014667
C 0.106333 0.881000 0.111333 0.094000
4 0.918333 0.561000 0.062000 0.088667
4 0.878667 0.786667 0.013333 0.013333
3 0.963333 0.373333 0.017333 0.017333
3 0.747333 0.049000 0.080000 0.034000
