2 0.462500 0.249064 0.130000 0.217228
2 0.448750 0.583333 0.172500 0.204120
U 0.671250 0.346442 0.035000 0.052434
U 0.090625 0.361423 0.098750 0.157303
A 0.063750 0.050562 0.032500 0.048689
A 0.315625 0.213483 0.086250 0.172285
C 0.286875 0.521536 0.146250 0.125468
C 0.858750 0.041199 0.030000 0.044944
L 0.163750 0.776217 0.110000 0.264045
L 0.689375 0.113296 0.176250 0.125468
D 0.045000 0.241573 0.025000 0.037453
D 0.185000 0.936330 0.030000 0.044944
0 0.323750 0.822097 0.025000 0.037453
0 0.022500 0.058052 0.025000 0.037453
9 0.832500 0.887640 0.035000 0.052434
9 0.917500 0.592697 0.120000 0.264045
G 0.600000 0.646067 0.035000 0.052434
G 0.466250 0.861423 0.150000 0.194757
1 0.336875 0.912921 0.093750 0.136704
1 0.105000 0.108614 0.025000 0.037453
