3 0.082083 0.404503 0.049167 0.194099
3 0.445000 0.611025 0.130000 0.271739
H 0.580000 0.238354 0.131667 0.178571
H 0.815833 0.521739 0.016667 0.031056
Z 0.835000 0.369565 0.016667 0.031056
Z 0.652917 0.822205 0.115833 0.243789
W 0.437917 0.130435 0.089167 0.220497
W 0.485833 0.844720 0.021667 0.040373
E 0.879583 0.550466 0.069167 0.197205
E 0.125833 0.798913 0.050000 0.110248
S 0.545000 0.649068 0.016667 0.031056
S 0.642917 0.602484 0.082500 0.124224
M 0.985833 0.448758 0.018333 0.034161
M 0.249583 0.271739 0.087500 0.239130
G 0.095000 0.143634 0.131667 0.206522
G 0.230000 0.684783 0.048333 0.211180
X 0.716667 0.156056 0.130000 0.194099
X 0.831667 0.782609 0.055000 0.183230
F 0.545833 0.765528 0.023333 0.043478
F 0.935833 0.190994 0.016667 0.031056
