A 0.607407 0.192222 0.029630 0.022222
A 0.807407 0.368333 0.077037 0.072222
L 0.717037 0.671111 0.041481 0.031111
L 0.294815 0.403333 0.192593 0.133333
P 0.369630 0.618333 0.194074 0.163333
P 0.129630 0.128333 0.093333 0.061111
0 0.961481 0.798889 0.029630 0.022222
0 0.793333 0.473889 0.214815 0.110000
Z 0.222963 0.238333 0.211852 0.138889
Z 0.961481 0.611111 0.038519 0.028889
4 0.737778 0.546667 0.029630 0.022222
4 0.638519 0.686667 0.029630 0.022222
Y 0.420741 0.387778 0.029630 0.022222
Y 0.945185 0.405556 0.035556 0.026667
6 0.908148 0.966667 0.041481 0.031111
6 0.478519 0.968889 0.029630 0.022222
