W 0.520604 0.909583 0.098901 0.080371
W 0.286401 0.484544 0.089286 0.072643
V 0.043956 0.668470 0.027473 0.015456
V 0.634615 0.948223 0.027473 0.015456
3 0.960165 0.488408 0.027473 0.015456
3 0.864011 0.726816 0.173077 0.090417
H 0.862637 0.192040 0.126374 0.050232
H 0.835165 0.494590 0.030220 0.017002
7 0.721154 0.472179 0.175824 0.117465
7 0.695055 0.743431 0.030220 0.017002
R 0.573489 0.624034 0.125000 0.042504
R 0.161401 0.905719 0.171703 0.106646
B 0.785714 0.384853 0.032967 0.018547
B 0.784341 0.294822 0.173077 0.073416
L 0.200549 0.802937 0.027473 0.015456
L 0.607143 0.591963 0.027473 0.015456
X 0.287775 0.350850 0.207418 0.085008
X 0.083791 0.115920 0.027473 0.015456
J 0.771978 0.876739 0.186813 0.078053
J 0.752747 0.670015 0.030220 0.017002
