G 0.186979 0.321296 0.012500 0.022222
G 0.686458 0.231481 0.010417 0.018519
V 0.027604 0.903241 0.050000 0.115741
V 0.747396 0.586111 0.014583 0.025926
1 0.761458 0.071296 0.010417 0.018519
1 0.597917 0.253704 0.013542 0.024074
0 0.864844 0.824537 0.049479 0.097222
0 0.358594 0.735648 0.033854 0.063889
4 0.364063 0.186111 0.014583 0.025926
4 0.677865 0.125000 0.065104 0.116667
R 0.926823 0.139352 0.099479 0.176852
R 0.433594 0.862037 0.033854 0.090741
Y 0.272917 0.489815 0.010417 0.018519
Y 0.897917 0.587963 0.014583 0.025926
3 0.667708 0.912037 0.011458 0.020370
3 0.554167 0.987037 0.010417 0.018519
J 0.380729 0.201852 0.011458 0.020370
J 0.652604 0.332407 0.077083 0.077778
9 0.156771 0.292593 0.014583 0.025926
9 0.136979 0.181481 0.044792 0.055556
