G 0.511111 0.732778 0.127407 0.134444
G 0.075556 0.287778 0.029630 0.022222
H 0.345185 0.545556 0.041481 0.031111
H 0.237037 0.404444 0.210370 0.140000
8 0.120000 0.775556 0.029630 0.022222
8 0.737778 0.047778 0.038519 0.028889
L 0.825185 0.790000 0.177778 0.157778
L 0.539259 0.181111 0.029630 0.022222
9 0.037037 0.641111 0.029630 0.022222
9 0.265185 0.667778 0.029630 0.022222
V 0.663704 0.227778 0.035556 0.026667
V 0.848889 0.055556 0.100741 0.073333
D 0.117037 0.167778 0.029630 0.022222
D 0.074074 0.981111 0.032593 0.024444
2 0.566667 0.080000 0.155556 0.140000
2 0.601481 0.328889 0.237037 0.171111
R 0.162963 0.580000 0.029630 0.022222
R 0.137778 0.869444 0.242963 0.143333
1 0.365926 0.105556 0.245926 0.151111
1 0.822222 0.305000 0.112593 0.161111
