10 0.608626 0.928058 0.031949 0.047962
10 0.264377 0.521583 0.212460 0.131894
26 0.752396 0.865707 0.031949 0.047962
26 0.815495 0.503597 0.148562 0.191847
9 0.498403 0.549161 0.223642 0.354916
9 0.964856 0.163070 0.041534 0.062350
8 0.472045 0.118705 0.119808 0.179856
8 0.095847 0.549161 0.121406 0.316547
11 0.158147 0.177458 0.223642 0.345324
11 0.921725 0.592326 0.031949 0.047962
32 0.279553 0.788969 0.172524 0.354916
32 0.728435 0.671463 0.035144 0.052758
13 0.331470 0.229017 0.081470 0.136691
13 0.870607 0.744604 0.185304 0.146283
1 0.905751 0.203837 0.035144 0.052758
1 0.720447 0.556355 0.031949 0.047962
20 0.725240 0.145084 0.220447 0.275779
20 0.468051 0.940048 0.044728 0.067146
17 0.107029 0.812950 0.041534 0.062350
17 0.958466 0.917266 0.083067 0.160671
