V 0.172554 0.061141 0.027174 0.013587
V 0.718750 0.074049 0.027174 0.013587
A 0.133152 0.832201 0.027174 0.013587
A 0.667799 0.342052 0.172554 0.109375
7 0.398098 0.368886 0.027174 0.013587
7 0.818614 0.241848 0.175272 0.069293
W 0.375679 0.594769 0.183424 0.079484
W 0.759511 0.449389 0.078804 0.050951
X 0.847826 0.896739 0.032609 0.016304
X 0.229620 0.174592 0.035326 0.017663
1 0.360054 0.040761 0.027174 0.013587
1 0.225543 0.581522 0.029891 0.014946
Y 0.820652 0.848845 0.176630 0.042799
Y 0.656250 0.781929 0.027174 0.013587
Z 0.352582 0.105639 0.080163 0.040082
Z 0.593750 0.836957 0.027174 0.013587
