S 0.731250 0.784259 0.013542 0.024074
S 0.212500 0.799074 0.014583 0.025926
M 0.304688 0.182407 0.012500 0.022222
M 0.272396 0.674537 0.072917 0.145370
1 0.938021 0.569444 0.014583 0.025926
1 0.250000 0.902315 0.032292 0.075000
5 0.320833 0.022222 0.014583 0.025926
5 0.430729 0.930556 0.013542 0.024074
T 0.836979 0.983333 0.014583 0.025926
T 0.396354 0.411111 0.041667 0.138889
6 0.690104 0.607407 0.062500 0.129630
6 0.032813 0.525000 0.010417 0.018519
9 0.553125 0.414815 0.077083 0.140741
9 0.672396 0.832407 0.013542 0.024074
G 0.560937 0.850000 0.010417 0.018519
G 0.850000 0.166667 0.010417 0.018519
