G 0.909500 0.873164 0.093000 0.117490
G 0.668000 0.229640 0.026000 0.034713
5 0.796000 0.572764 0.022000 0.029372
5 0.585500 0.562750 0.123000 0.166889
E 0.937000 0.527370 0.020000 0.026702
E 0.920000 0.244993 0.096000 0.172230
K 0.350000 0.495995 0.154000 0.209613
K 0.806500 0.650200 0.105000 0.080107
J 0.333000 0.710948 0.056000 0.137517
J 0.056000 0.359146 0.078000 0.168224
F 0.244500 0.846462 0.061000 0.144192
F 0.441000 0.236315 0.112000 0.170895
X 0.129500 0.142857 0.137000 0.152203
X 0.775500 0.238985 0.175000 0.216288
C 0.310000 0.102804 0.026000 0.034713
C 0.165000 0.739653 0.020000 0.026702
