9 0.888194 0.335417 0.154167 0.295833
9 0.659722 0.452083 0.038889 0.058333
N 0.398611 0.417708 0.244444 0.385417
N 0.623611 0.691667 0.027778 0.041667
2 0.033333 0.141667 0.027778 0.041667
2 0.173611 0.781250 0.027778 0.041667
Q 0.706944 0.354167 0.033333 0.050000
Q 0.747917 0.832292 0.170833 0.327083
U 0.568056 0.516667 0.038889 0.058333
U 0.715972 0.189583 0.129167 0.187500
B 0.025000 0.872917 0.027778 0.041667
B 0.139583 0.393750 0.145833 0.300000
V 0.170833 0.216667 0.033333 0.050000
V 0.206250 0.927083 0.165278 0.137500
7 0.923611 0.839583 0.027778 0.041667
7 0.136111 0.583333 0.027778 0.041667
E 0.271528 0.096875 0.204167 0.181250
E 0.494444 0.794792 0.152778 0.243750
