P 0.428148 0.697222 0.186667 0.134444
P 0.346667 0.942222 0.032593 0.024444
Z 0.865185 0.753333 0.041481 0.031111
Z 0.921481 0.423333 0.038519 0.028889
5 0.740741 0.945556 0.038519 0.028889
5 0.551852 0.117222 0.241481 0.178889
K 0.136296 0.391111 0.029630 0.022222
K 0.324444 0.135556 0.032593 0.024444
W 0.811852 0.550000 0.222222 0.186667
W 0.615556 0.465556 0.155556 0.093333
F 0.155556 0.215556 0.168889 0.128889
F 0.921481 0.014444 0.029630 0.022222
V 0.509630 0.562222 0.103704 0.077778
V 0.238519 0.588889 0.189630 0.148889
1 0.699259 0.142222 0.029630 0.022222
1 0.909630 0.861111 0.029630 0.022222
M 0.914074 0.047778 0.038519 0.028889
M 0.108889 0.888889 0.211852 0.166667
G 0.798519 0.326667 0.029630 0.022222
G 0.694815 0.324444 0.029630 0.022222
