8 0.635783 0.611511 0.031949 0.047962
8 0.650160 0.225420 0.159744 0.330935
V 0.041534 0.232614 0.038339 0.057554
V 0.089457 0.961631 0.031949 0.047962
6 0.388179 0.625899 0.044728 0.067146
6 0.192492 0.145084 0.209265 0.237410
B 0.111821 0.649880 0.089457 0.287770
B 0.862620 0.233813 0.246006 0.352518
Z 0.306709 0.848921 0.031949 0.047962
Z 0.837061 0.588729 0.207668 0.318945
E 0.851438 0.858513 0.031949 0.047962
E 0.515176 0.898082 0.170927 0.189448
A 0.134185 0.836930 0.031949 0.047962
A 0.894569 0.808153 0.031949 0.047962
J 0.457668 0.207434 0.158147 0.352518
J 0.180511 0.793765 0.031949 0.047962
4 0.546326 0.661871 0.041534 0.062350
