H 0.849609 0.360568 0.019531 0.035524
H 0.305664 0.502664 0.021484 0.039076
U 0.415527 0.524867 0.143555 0.161634
U 0.723145 0.414742 0.069336 0.175844
6 0.909180 0.583481 0.068359 0.236234
6 0.539062 0.159858 0.019531 0.035524
0 0.983398 0.781528 0.019531 0.035524
0 0.093750 0.360568 0.103516 0.127886
G 0.743164 0.891652 0.125000 0.209591
G 0.720215 0.171403 0.081055 0.154529
3 0.116699 0.158970 0.071289 0.136767
3 0.236816 0.199822 0.135742 0.257549
8 0.175293 0.878330 0.120117 0.197158
8 0.725098 0.733570 0.145508 0.095915
L 0.374023 0.234458 0.019531 0.035524
L 0.502930 0.786856 0.019531 0.035524
T 0.939453 0.243339 0.027344 0.049734
T 0.650391 0.948490 0.027344 0.049734
