30 0.090278 0.366667 0.036111 0.054167
30 0.536111 0.089583 0.030556 0.045833
28 0.363889 0.266667 0.027778 0.041667
28 0.693056 0.247917 0.102778 0.283333
7 0.165278 0.691667 0.030556 0.045833
7 0.833333 0.760417 0.027778 0.041667
23 0.347222 0.529167 0.033333 0.050000
23 0.402083 0.708333 0.098611 0.300000
29 0.866667 0.557292 0.147222 0.281250
29 0.311111 0.531250 0.027778 0.041667
19 0.515278 0.286458 0.186111 0.277083
19 0.679167 0.748958 0.186111 0.239583
22 0.284028 0.118750 0.120833 0.154167
22 0.173611 0.843750 0.100000 0.162500
