7 0.375294 0.537665 0.112941 0.261770
7 0.480000 0.583804 0.023529 0.037665
4 0.583529 0.165725 0.167059 0.109228
4 0.817059 0.459510 0.189412 0.233522
R 0.877647 0.663842 0.105882 0.175141
R 0.084706 0.251412 0.164706 0.186441
U 0.337647 0.845574 0.023529 0.037665
U 0.568824 0.867232 0.088235 0.197740
P 0.441176 0.887006 0.087059 0.214689
P 0.070588 0.548023 0.023529 0.037665
6 0.184706 0.753296 0.174118 0.218456
6 0.641765 0.438795 0.151765 0.305085
M 0.530588 0.749529 0.023529 0.037665
M 0.303529 0.627119 0.028235 0.045198
Z 0.501176 0.333333 0.105882 0.124294
Z 0.332941 0.211864 0.103529 0.276836
L 0.685294 0.788136 0.109412 0.175141
