33 0.278607 0.784861 0.099502 0.079681
33 0.348259 0.225100 0.527363 0.410359
7 0.569652 0.745020 0.353234 0.486056
15 0.885572 0.063745 0.109453 0.087649
15 0.810945 0.956175 0.099502 0.079681
18 0.129353 0.617530 0.099502 0.079681
25 0.910448 0.187251 0.129353 0.103586
25 0.144279 0.912351 0.119403 0.095618
10 0.850746 0.581673 0.099502 0.079681
11 0.691542 0.091633 0.119403 0.095618
5 0.726368 0.450199 0.099502 0.079681
5 0.273632 0.912351 0.119403 0.095618
24 0.746269 0.219124 0.139303 0.111554
24 0.900498 0.366534 0.099502 0.079681
