D 0.658754 0.520000 0.059347 0.044444
D 0.464392 0.278889 0.317507 0.251111
T 0.649852 0.955556 0.077151 0.057778
T 0.688427 0.701111 0.427300 0.295556
Y 0.281899 0.635556 0.344214 0.275556
Y 0.059347 0.813333 0.083086 0.062222
G 0.715134 0.160000 0.059347 0.044444
G 0.798220 0.115556 0.083086 0.062222
V 0.866469 0.255556 0.207715 0.137778
V 0.145401 0.337778 0.290801 0.315556
3 0.575668 0.426667 0.059347 0.044444
3 0.548961 0.113333 0.083086 0.062222
2 0.255193 0.917778 0.059347 0.044444
2 0.424332 0.053333 0.077151 0.057778
9 0.961424 0.426667 0.059347 0.044444
