2 0.351438 0.491607 0.031949 0.047962
2 0.710064 0.693046 0.123003 0.177458
8 0.615016 0.932854 0.031949 0.047962
8 0.281150 0.326139 0.044728 0.067146
3 0.321885 0.732614 0.253994 0.410072
3 0.698083 0.262590 0.230032 0.400480
9 0.154952 0.762590 0.031949 0.047962
9 0.448083 0.167866 0.151757 0.258993
V 0.156550 0.328537 0.041534 0.062350
T 0.806709 0.877698 0.031949 0.047962
T 0.896166 0.675060 0.204473 0.333333
6 0.226837 0.479616 0.038339 0.057554
6 0.123003 0.450839 0.031949 0.047962
M 0.214058 0.196643 0.233227 0.139089
