22 0.645000 0.816733 0.120000 0.095618
22 0.565000 0.055777 0.100000 0.079681
6 0.380000 0.442231 0.650000 0.326693
6 0.312500 0.818725 0.335000 0.354582
23 0.755000 0.354582 0.100000 0.079681
23 0.135000 0.215139 0.120000 0.095618
25 0.565000 0.653386 0.100000 0.079681
25 0.910000 0.709163 0.100000 0.079681
14 0.280000 0.135458 0.100000 0.079681
30 0.145000 0.055777 0.140000 0.111554
30 0.520000 0.235060 0.100000 0.079681
19 0.775000 0.796813 0.100000 0.079681
29 0.740000 0.904382 0.100000 0.079681
29 0.895000 0.330677 0.110000 0.087649
