1 0.589852 0.756324 0.186047 0.247892
1 0.530655 0.444351 0.194503 0.109612
R 0.798097 0.783305 0.200846 0.173693
R 0.734672 0.083474 0.272727 0.143339
5 0.188161 0.762226 0.059197 0.047218
5 0.627907 0.920742 0.059197 0.047218
4 0.235729 0.909781 0.226216 0.166948
4 0.374207 0.196459 0.228330 0.241147
8 0.218816 0.511804 0.302326 0.284992
8 0.080338 0.318718 0.054968 0.043845
T 0.775899 0.382799 0.236786 0.182125
T 0.332981 0.722597 0.217759 0.136594
U 0.976744 0.123103 0.042283 0.033727
U 0.071882 0.074199 0.042283 0.033727
2 0.758985 0.937605 0.050740 0.040472
2 0.959831 0.812816 0.054968 0.043845
