K 0.591054 0.788969 0.044728 0.067146
K 0.765176 0.194245 0.099042 0.134293
M 0.488818 0.332134 0.210863 0.232614
M 0.383387 0.625899 0.172524 0.306954
9 0.829872 0.519185 0.116613 0.141487
9 0.147764 0.248201 0.222045 0.256595
8 0.715655 0.798561 0.044728 0.067146
0 0.130990 0.693046 0.118211 0.249400
0 0.966454 0.961631 0.031949 0.047962
A 0.633387 0.597122 0.228435 0.244604
A 0.845048 0.937650 0.031949 0.047962
U 0.209265 0.594724 0.038339 0.057554
U 0.645367 0.923261 0.031949 0.047962
S 0.919329 0.281775 0.158147 0.318945
S 0.932907 0.707434 0.111821 0.211031
5 0.776358 0.657074 0.031949 0.047962
5 0.107029 0.059952 0.041534 0.062350
