H 0.182065 0.679348 0.108696 0.066576
H 0.830163 0.499321 0.027174 0.013587
V 0.660326 0.775136 0.029891 0.014946
V 0.232337 0.922554 0.027174 0.013587
Q 0.897418 0.226562 0.072011 0.034647
Q 0.436821 0.201766 0.172554 0.093750
S 0.119565 0.495245 0.038043 0.019022
S 0.777853 0.171196 0.148098 0.047554
K 0.634511 0.105978 0.029891 0.014946
K 0.756793 0.707880 0.038043 0.019022
G 0.180707 0.171875 0.027174 0.013587
G 0.463315 0.920177 0.111413 0.049592
E 0.894022 0.078125 0.035326 0.017663
E 0.301630 0.171875 0.027174 0.013587
9 0.904891 0.321332 0.027174 0.013587
9 0.506114 0.830503 0.210598 0.108016
U 0.096467 0.540421 0.184783 0.071332
U 0.896739 0.046535 0.182065 0.037364
T 0.177989 0.109035 0.182065 0.068614
T 0.111413 0.942255 0.035326 0.017663
