A 0.840667 0.450500 0.164000 0.153000
A 0.576000 0.699000 0.037333 0.028000
E 0.041333 0.802000 0.026667 0.020000
E 0.840000 0.124000 0.152000 0.130000
J 0.028000 0.885000 0.026667 0.020000
J 0.175333 0.671500 0.260000 0.193000
R 0.620000 0.276000 0.029333 0.022000
R 0.676000 0.165000 0.037333 0.028000
G 0.337333 0.169000 0.026667 0.020000
G 0.858667 0.346000 0.026667 0.020000
F 0.508000 0.297000 0.026667 0.020000
F 0.042667 0.222000 0.026667 0.020000
K 0.813333 0.935000 0.032000 0.024000
K 0.448000 0.735500 0.133333 0.109000
9 0.658667 0.878000 0.037333 0.028000
9 0.294667 0.419000 0.034667 0.026000
N 0.477333 0.854000 0.157333 0.112000
N 0.645333 0.338000 0.026667 0.020000
