J 0.194000 0.722000 0.022000 0.022000
J 0.367000 0.039000 0.020000 0.020000
Y 0.905000 0.228000 0.020000 0.020000
Y 0.513500 0.500500 0.111000 0.101000
L 0.447000 0.379500 0.056000 0.099000
L 0.920000 0.596000 0.026000 0.026000
5 0.442500 0.682000 0.113000 0.108000
5 0.563500 0.885000 0.165000 0.126000
S 0.903000 0.639000 0.020000 0.020000
S 0.640000 0.358000 0.028000 0.028000
P 0.780000 0.226000 0.158000 0.132000
P 0.723000 0.697000 0.026000 0.026000
9 0.157000 0.151500 0.144000 0.089000
9 0.478000 0.060000 0.020000 0.020000
G 0.278000 0.844500 0.142000 0.117000
G 0.715000 0.535500 0.138000 0.169000
Z 0.740000 0.753000 0.028000 0.028000
Z 0.614000 0.089000 0.022000 0.022000
Q 0.113500 0.629500 0.141000 0.099000
Q 0.372000 0.705000 0.026000 0.026000
