X 0.398913 0.462282 0.021739 0.038685
X 0.875000 0.713733 0.026087 0.046422
V 0.775543 0.724371 0.114130 0.261122
V 0.166304 0.453578 0.158696 0.172147
N 0.443478 0.402321 0.021739 0.038685
N 0.860326 0.216634 0.094565 0.189555
3 0.153261 0.704062 0.030435 0.054159
3 0.615217 0.738878 0.178261 0.328820
Y 0.706522 0.292070 0.028261 0.050290
Y 0.188587 0.151838 0.127174 0.276596
J 0.622826 0.314313 0.102174 0.276596
J 0.716304 0.922631 0.021739 0.038685
S 0.027174 0.297872 0.021739 0.038685
S 0.033696 0.694391 0.030435 0.054159
Q 0.464674 0.125725 0.144565 0.201161
Q 0.141304 0.802708 0.028261 0.050290
K 0.067391 0.829787 0.084783 0.158607
K 0.368478 0.334623 0.100000 0.212766
