21 0.791992 0.926953 0.123047 0.083594
21 0.166504 0.696875 0.086914 0.079688
32 0.246094 0.478125 0.019531 0.015625
32 0.060547 0.918750 0.021484 0.017188
28 0.382812 0.271094 0.023438 0.018750
28 0.453125 0.725000 0.134766 0.114063
15 0.978516 0.787500 0.019531 0.015625
15 0.306152 0.183594 0.083008 0.039062
25 0.584473 0.943359 0.145508 0.069531
25 0.710938 0.465625 0.019531 0.015625
7 0.121582 0.415234 0.100586 0.086719
7 0.682617 0.429688 0.027344 0.021875
17 0.053711 0.047656 0.052734 0.082813
17 0.463867 0.989063 0.019531 0.015625
