G 0.016667 0.733333 0.027778 0.041667
G 0.434028 0.890625 0.143056 0.181250
R 0.054167 0.322917 0.038889 0.058333
R 0.715278 0.181250 0.133333 0.129167
5 0.494444 0.406250 0.105556 0.150000
5 0.318056 0.577083 0.027778 0.041667
M 0.375000 0.189583 0.216667 0.262500
M 0.678472 0.656250 0.201389 0.329167
U 0.804167 0.581250 0.038889 0.058333
T 0.911806 0.401042 0.173611 0.197917
T 0.204167 0.258333 0.080556 0.291667
7 0.274306 0.811458 0.115278 0.239583
7 0.133333 0.610417 0.027778 0.041667
S 0.522222 0.264583 0.027778 0.041667
S 0.429861 0.593750 0.184722 0.162500
