J 0.773333 0.626667 0.088889 0.088889
J 0.142222 0.728889 0.088889 0.088889
U 0.564444 0.275556 0.115556 0.115556
U 0.582222 0.568889 0.115556 0.115556
W 0.920000 0.546667 0.097778 0.097778
W 0.831111 0.817778 0.088889 0.088889
7 0.684444 0.773333 0.088889 0.088889
7 0.320000 0.337778 0.088889 0.088889
Y 0.808889 0.186667 0.088889 0.088889
Y 0.346667 0.800000 0.088889 0.088889
6 0.644444 0.173333 0.088889 0.088889
6 0.071111 0.382222 0.088889 0.088889
L 0.360000 0.613333 0.088889 0.088889
8 0.062222 0.897778 0.106667 0.106667
