5 0.170927 0.031175 0.031949 0.047962
5 0.094249 0.340528 0.031949 0.047962
23 0.924920 0.564748 0.134185 0.333333
23 0.417732 0.214628 0.084665 0.338129
8 0.287540 0.701439 0.210863 0.362110
8 0.945687 0.321343 0.038339 0.057554
25 0.779553 0.220624 0.038339 0.057554
25 0.701278 0.407674 0.041534 0.062350
11 0.733227 0.563549 0.239617 0.148681
11 0.546326 0.806954 0.214058 0.203837
31 0.249201 0.153477 0.031949 0.047962
31 0.337061 0.134293 0.035144 0.052758
9 0.562300 0.513189 0.041534 0.062350
9 0.888179 0.101918 0.111821 0.141487
24 0.456869 0.604317 0.031949 0.047962
24 0.627796 0.211031 0.252396 0.321343
