26 0.119802 0.652680 0.053403 0.068406
26 0.319707 0.948519 0.033554 0.093089
18 0.483459 0.809591 0.009452 0.014104
18 0.587429 0.493653 0.009452 0.014104
9 0.817580 0.839915 0.013233 0.019746
9 0.460302 0.646685 0.009452 0.014104
15 0.634924 0.565938 0.067580 0.083921
15 0.485350 0.751763 0.013233 0.019746
21 0.491021 0.665726 0.013233 0.019746
21 0.972353 0.607193 0.050567 0.097320
24 0.884216 0.830748 0.009452 0.014104
24 0.193762 0.051481 0.009452 0.014104
32 0.390595 0.458392 0.043951 0.074753
32 0.317108 0.125529 0.009452 0.014104
3 0.644612 0.147391 0.009452 0.014104
3 0.671314 0.044429 0.052457 0.086037
27 0.579159 0.736953 0.024102 0.093089
27 0.370510 0.657969 0.009452 0.014104
10 0.265123 0.895275 0.044423 0.072638
10 0.966446 0.427715 0.063327 0.107898
