0 0.379630 0.515741 0.244444 0.253704
0 0.701852 0.477778 0.296296 0.262963
31 0.885185 0.185185 0.051852 0.051852
31 0.191667 0.768519 0.272222 0.185185
10 0.514815 0.150926 0.244444 0.220370
10 0.147222 0.511111 0.183333 0.248148
32 0.848148 0.801852 0.288889 0.185185
32 0.672222 0.303704 0.048148 0.048148
19 0.215741 0.270370 0.224074 0.207407
19 0.837037 0.972222 0.040741 0.040741
11 0.440741 0.831481 0.181481 0.177778
11 0.620370 0.850000 0.040741 0.040741
2 0.814815 0.275926 0.037037 0.037037
23 0.692593 0.196296 0.051852 0.051852
