4 0.244444 0.079630 0.048148 0.048148
4 0.864815 0.876852 0.103704 0.150000
6 0.516667 0.140741 0.037037 0.037037
6 0.356481 0.537963 0.212963 0.220370
8 0.298148 0.255556 0.159259 0.181481
8 0.741667 0.115741 0.161111 0.190741
7 0.776852 0.313889 0.190741 0.098148
7 0.598148 0.885185 0.051852 0.051852
Y 0.162963 0.828704 0.251852 0.172222
Y 0.335185 0.792593 0.048148 0.048148
J 0.673148 0.538889 0.305556 0.288889
J 0.192593 0.622222 0.037037 0.037037
3 0.096296 0.620370 0.118519 0.140741
3 0.890741 0.246296 0.037037 0.037037
V 0.449074 0.846296 0.150000 0.166667
V 0.090741 0.174074 0.111111 0.270370
1 0.294444 0.688889 0.040741 0.040741
1 0.596296 0.970370 0.037037 0.037037
