L 0.831055 0.582593 0.025391 0.046181
L 0.959961 0.563055 0.027344 0.049734
R 0.178711 0.412966 0.095703 0.168739
R 0.862305 0.283304 0.117188 0.250444
S 0.931641 0.362345 0.019531 0.035524
S 0.557617 0.332149 0.091797 0.213144
6 0.782227 0.779751 0.019531 0.035524
6 0.087891 0.624334 0.083984 0.136767
5 0.647461 0.111012 0.109375 0.165187
5 0.493164 0.410302 0.027344 0.049734
U 0.602051 0.749556 0.137695 0.209591
U 0.348633 0.197158 0.076172 0.138544
4 0.250488 0.626110 0.069336 0.158082
4 0.735840 0.542629 0.088867 0.168739
G 0.384277 0.481350 0.143555 0.291297
G 0.670898 0.321492 0.021484 0.039076
M 0.383301 0.797513 0.170898 0.287744
M 0.460938 0.069272 0.019531 0.035524
1 0.183594 0.836590 0.019531 0.035524
1 0.174316 0.158082 0.084961 0.145648
