3 0.308458 0.460159 0.587065 0.450199
2 0.636816 0.059761 0.129353 0.103586
2 0.194030 0.051793 0.099502 0.079681
0 0.796020 0.589641 0.338308 0.254980
0 0.328358 0.828685 0.109453 0.087649
J 0.353234 0.139442 0.099502 0.079681
J 0.800995 0.322709 0.139303 0.111554
X 0.547264 0.880478 0.099502 0.079681
X 0.691542 0.772908 0.099502 0.079681
E 0.746269 0.151394 0.099502 0.079681
E 0.860697 0.816733 0.109453 0.087649
R 0.089552 0.788845 0.129353 0.103586
R 0.915423 0.199203 0.099502 0.079681
G 0.383085 0.051793 0.099502 0.079681
