27 0.310000 0.277154 0.122500 0.172285
27 0.695000 0.898876 0.180000 0.097378
21 0.466250 0.287453 0.150000 0.166667
21 0.925000 0.536517 0.087500 0.260300
17 0.755000 0.691011 0.032500 0.048689
17 0.300000 0.749064 0.030000 0.044944
9 0.796875 0.124532 0.073750 0.125468
9 0.300625 0.573970 0.181250 0.192884
19 0.511250 0.490637 0.180000 0.198502
19 0.983750 0.913858 0.025000 0.037453
25 0.215000 0.923221 0.025000 0.037453
25 0.722500 0.599251 0.025000 0.037453
30 0.647500 0.514981 0.025000 0.037453
30 0.340000 0.825843 0.025000 0.037453
10 0.631250 0.314607 0.035000 0.052434
10 0.787500 0.498127 0.035000 0.052434
