S 0.075000 0.325833 0.014444 0.021667
S 0.852222 0.301667 0.011111 0.016667
K 0.575000 0.570000 0.012222 0.018333
K 0.863889 0.738333 0.092222 0.121667
3 0.123611 0.224167 0.058333 0.105000
3 0.048611 0.235417 0.049444 0.099167
F 0.272778 0.370000 0.011111 0.016667
F 0.695833 0.542500 0.073889 0.053333
Q 0.030556 0.480833 0.011111 0.016667
Q 0.400833 0.465000 0.065000 0.073333
J 0.332778 0.625833 0.011111 0.016667
J 0.045556 0.835000 0.014444 0.021667
G 0.797500 0.322500 0.082778 0.131667
G 0.715556 0.193750 0.033333 0.065833
