20 0.318359 0.619444 0.108594 0.202778
20 0.929688 0.230556 0.045313 0.138889
32 0.148438 0.615278 0.015625 0.027778
32 0.646875 0.829167 0.018750 0.033333
18 0.544531 0.238889 0.015625 0.027778
18 0.429688 0.105556 0.015625 0.027778
17 0.345703 0.367361 0.110156 0.123611
17 0.591797 0.151389 0.066406 0.158333
5 0.779297 0.822917 0.082031 0.134722
5 0.627344 0.556250 0.112500 0.226389
2 0.433594 0.391667 0.020313 0.036111
2 0.281250 0.208333 0.017188 0.030556
24 0.212500 0.100694 0.098438 0.159722
24 0.332031 0.472222 0.015625 0.027778
7 0.172656 0.709722 0.021875 0.038889
4 0.911328 0.815278 0.146094 0.255556
4 0.052344 0.780556 0.020313 0.036111
