1 0.334545 0.097087 0.043636 0.058252
1 0.550909 0.247573 0.367273 0.485437
T 0.160909 0.559466 0.205455 0.361650
T 0.904545 0.611650 0.118182 0.286408
9 0.807273 0.194175 0.047273 0.063107
9 0.715455 0.868932 0.096364 0.247573
W 0.397273 0.747573 0.136364 0.169903
W 0.172727 0.182039 0.261818 0.257282
2 0.673636 0.626214 0.230909 0.150485
2 0.030909 0.725728 0.043636 0.058252
C 0.516364 0.941748 0.043636 0.058252
A 0.370909 0.529126 0.043636 0.058252
A 0.814545 0.036408 0.036364 0.048544
F 0.109091 0.890777 0.189091 0.174757
F 0.332727 0.395631 0.036364 0.048544
R 0.899091 0.354369 0.172727 0.218447
R 0.907273 0.868932 0.149091 0.208738
J 0.489091 0.876214 0.050909 0.067961
