16 0.618856 0.645275 0.026938 0.074753
16 0.004726 0.368829 0.009452 0.014104
12 0.525992 0.567701 0.038752 0.057828
12 0.618620 0.426657 0.009452 0.014104
24 0.117675 0.644570 0.058601 0.118477
24 0.611531 0.783498 0.012287 0.018336
3 0.783318 0.119535 0.042060 0.064175
3 0.447306 0.373766 0.060019 0.105783
5 0.221172 0.508463 0.013233 0.019746
5 0.181002 0.681594 0.055766 0.041608
32 0.614130 0.359661 0.069471 0.066291
32 0.625236 0.741890 0.009452 0.014104
22 0.830104 0.663963 0.037335 0.082511
22 0.292060 0.069111 0.054820 0.073343
13 0.058129 0.246827 0.012287 0.018336
13 0.712429 0.072638 0.047732 0.081805
10 0.930057 0.331453 0.013233 0.019746
10 0.385633 0.437941 0.009452 0.014104
2 0.032136 0.709450 0.010397 0.015515
2 0.974953 0.141044 0.010397 0.015515
