D 0.541626 0.191462 0.019589 0.025873
D 0.853575 0.141009 0.116552 0.113842
Y 0.258570 0.258085 0.113614 0.156533
Y 0.616063 0.695990 0.121450 0.173351
X 0.695397 0.236740 0.092067 0.069858
X 0.768854 0.401682 0.092067 0.133247
0 0.529873 0.397154 0.146915 0.212160
0 0.695397 0.417853 0.021548 0.028461
F 0.129285 0.798189 0.019589 0.025873
F 0.811459 0.694696 0.126347 0.134541
6 0.247796 0.895213 0.111655 0.178525
6 0.950049 0.734799 0.027424 0.036223
M 0.294809 0.606727 0.133203 0.111255
M 0.516650 0.874515 0.057786 0.080207
2 0.604310 0.177232 0.019589 0.025873
2 0.663075 0.369987 0.019589 0.025873
4 0.550441 0.800776 0.023506 0.031048
4 0.826151 0.887451 0.151812 0.194049
C 0.182174 0.037516 0.019589 0.025873
C 0.423115 0.443726 0.019589 0.025873
