W 0.441667 0.343750 0.038889 0.058333
W 0.306944 0.747917 0.027778 0.041667
S 0.975000 0.737500 0.030556 0.045833
S 0.613889 0.375000 0.247222 0.375000
H 0.873611 0.531250 0.227778 0.362500
H 0.260417 0.579167 0.131944 0.212500
3 0.272917 0.282292 0.215278 0.227083
3 0.085417 0.750000 0.134722 0.183333
7 0.395139 0.647917 0.129167 0.275000
7 0.751389 0.885417 0.030556 0.045833
J 0.316667 0.425000 0.027778 0.041667
J 0.090278 0.531250 0.125000 0.208333
U 0.820833 0.139583 0.027778 0.041667
U 0.266667 0.443750 0.027778 0.041667
T 0.188889 0.770833 0.027778 0.041667
T 0.422222 0.072917 0.027778 0.041667
Q 0.219444 0.706250 0.027778 0.041667
Q 0.486111 0.716667 0.036111 0.054167
