D 0.282748 0.146283 0.031949 0.047962
D 0.694888 0.696643 0.134185 0.232614
0 0.070288 0.074341 0.031949 0.047962
0 0.087859 0.167866 0.031949 0.047962
L 0.790735 0.269784 0.166134 0.352518
L 0.565495 0.069544 0.038339 0.057554
H 0.138179 0.383693 0.231629 0.278177
H 0.484824 0.458034 0.228435 0.311751
S 0.218850 0.105516 0.041534 0.062350
S 0.384185 0.157074 0.158147 0.285372
M 0.328275 0.868106 0.151757 0.249400
M 0.539137 0.916067 0.170927 0.153477
W 0.047923 0.752998 0.041534 0.062350
W 0.869010 0.658273 0.194888 0.155875
E 0.166933 0.631894 0.081470 0.194245
5 0.113419 0.904077 0.182109 0.158273
