J 0.748047 0.772135 0.210938 0.117188
J 0.214844 0.867188 0.308594 0.210938
B 0.468750 0.520833 0.050781 0.033854
B 0.248047 0.339193 0.140625 0.191406
Z 0.464844 0.242188 0.285156 0.145833
Z 0.115234 0.320312 0.046875 0.031250
P 0.300781 0.707031 0.046875 0.031250
P 0.616211 0.497396 0.244141 0.151042
Y 0.093750 0.080729 0.039062 0.026042
Y 0.167969 0.542969 0.039062 0.026042
X 0.216797 0.136719 0.039062 0.026042
X 0.076172 0.171875 0.039062 0.026042
7 0.810547 0.205729 0.039062 0.026042
7 0.443359 0.921875 0.046875 0.031250
