28 0.395417 0.222050 0.120833 0.198758
28 0.280833 0.317547 0.098333 0.225155
1 0.773333 0.812112 0.016667 0.031056
1 0.966667 0.684783 0.023333 0.043478
23 0.217500 0.479814 0.016667 0.031056
23 0.921667 0.032609 0.020000 0.037267
22 0.553333 0.799689 0.020000 0.037267
22 0.502917 0.650621 0.077500 0.133540
10 0.265000 0.888199 0.016667 0.031056
10 0.083333 0.024845 0.021667 0.040373
6 0.972500 0.788820 0.021667 0.040373
6 0.954167 0.048137 0.016667 0.031056
30 0.382500 0.818323 0.023333 0.043478
30 0.158333 0.322981 0.018333 0.034161
12 0.804583 0.163043 0.129167 0.248447
12 0.073333 0.710404 0.126667 0.237578
8 0.479167 0.902174 0.016667 0.031056
8 0.606667 0.333851 0.020000 0.037267
