18 0.386957 0.097826 0.043478 0.072464
18 0.684783 0.434783 0.226087 0.442029
1 0.336957 0.356884 0.260870 0.278986
1 0.110870 0.507246 0.043478 0.072464
7 0.321739 0.568841 0.056522 0.094203
3 0.541304 0.478261 0.052174 0.086957
3 0.289130 0.949275 0.056522 0.094203
29 0.845652 0.586957 0.060870 0.101449
26 0.113043 0.076087 0.043478 0.072464
24 0.441304 0.641304 0.043478 0.072464
28 0.921739 0.298913 0.147826 0.452899
28 0.185870 0.697464 0.202174 0.278986
13 0.184783 0.311594 0.043478 0.072464
