8 0.364444 0.337778 0.088889 0.088889
8 0.440000 0.724444 0.097778 0.097778
X 0.717778 0.604444 0.448889 0.604444
X 0.057778 0.920000 0.115556 0.115556
3 0.364444 0.153333 0.373333 0.280000
9 0.333333 0.897778 0.088889 0.088889
9 0.231111 0.453333 0.124444 0.124444
P 0.102222 0.244444 0.106667 0.106667
P 0.662222 0.057778 0.097778 0.097778
S 0.448889 0.835556 0.088889 0.088889
D 0.342222 0.720000 0.088889 0.088889
Z 0.111111 0.488889 0.115556 0.115556
0 0.422222 0.480000 0.115556 0.115556
0 0.062222 0.044444 0.088889 0.088889
