X 0.744807 0.623333 0.439169 0.148889
X 0.679525 0.920000 0.059347 0.044444
3 0.065282 0.466667 0.059347 0.044444
3 0.379822 0.194444 0.308605 0.135556
6 0.541543 0.410000 0.353116 0.264444
6 0.290801 0.777778 0.160237 0.284444
5 0.169139 0.724444 0.059347 0.044444
5 0.860534 0.148889 0.278932 0.293333
8 0.100890 0.113333 0.071217 0.053333
N 0.922849 0.451111 0.077151 0.057778
V 0.089021 0.531111 0.059347 0.044444
V 0.922849 0.786667 0.059347 0.044444
K 0.071217 0.868889 0.059347 0.044444
K 0.249258 0.411111 0.065282 0.048889
P 0.569733 0.926667 0.077151 0.057778
P 0.724036 0.826667 0.083086 0.062222
