12 0.191406 0.976562 0.039062 0.026042
12 0.074219 0.309896 0.039062 0.026042
25 0.083008 0.460286 0.158203 0.160156
25 0.595703 0.498047 0.296875 0.191406
31 0.238281 0.817708 0.148438 0.182292
31 0.347656 0.171224 0.300781 0.157552
5 0.585938 0.889323 0.039062 0.026042
5 0.611328 0.321615 0.039062 0.026042
28 0.664062 0.100260 0.050781 0.033854
28 0.738281 0.089844 0.042969 0.028646
2 0.821289 0.630859 0.134766 0.191406
2 0.810547 0.066406 0.046875 0.031250
22 0.081055 0.863932 0.154297 0.201823
22 0.859375 0.910156 0.140625 0.065104
9 0.722656 0.750000 0.039062 0.026042
9 0.765625 0.013021 0.039062 0.026042
19 0.378906 0.759115 0.039062 0.026042
19 0.600586 0.659505 0.259766 0.110677
27 0.310547 0.410156 0.042969 0.028646
27 0.443359 0.683594 0.039062 0.026042
