9 0.101333 0.128000 0.192000 0.126000
9 0.456000 0.551000 0.029333 0.022000
5 0.478667 0.692000 0.026667 0.020000
5 0.728000 0.640000 0.029333 0.022000
R 0.385333 0.176000 0.149333 0.086000
R 0.353333 0.815000 0.026667 0.020000
C 0.303333 0.344000 0.174667 0.090000
C 0.772667 0.566500 0.156000 0.075000
Q 0.426667 0.693000 0.026667 0.020000
Q 0.594667 0.640000 0.160000 0.112000
M 0.344000 0.733000 0.034667 0.026000
M 0.738000 0.843500 0.182667 0.105000
A 0.146667 0.848000 0.026667 0.020000
A 0.337333 0.567500 0.093333 0.063000
6 0.145333 0.474500 0.154667 0.055000
6 0.096000 0.512000 0.026667 0.020000
