K 0.607500 0.043071 0.032500 0.048689
K 0.101875 0.356742 0.196250 0.271536
Y 0.338750 0.411985 0.025000 0.037453
Y 0.023750 0.700375 0.030000 0.044944
Q 0.808125 0.713483 0.068750 0.176030
Q 0.535625 0.773408 0.226250 0.318352
6 0.593750 0.095506 0.032500 0.048689
6 0.661250 0.338015 0.110000 0.260300
L 0.646250 0.106742 0.032500 0.048689
L 0.442500 0.198502 0.187500 0.149813
F 0.319375 0.808989 0.096250 0.273408
F 0.917500 0.652622 0.077500 0.241573
W 0.766250 0.301498 0.035000 0.052434
W 0.186250 0.099251 0.025000 0.037453
0 0.868750 0.850187 0.030000 0.044944
0 0.933750 0.232210 0.032500 0.048689
8 0.147500 0.591760 0.025000 0.037453
8 0.232500 0.514981 0.027500 0.041199
