7 0.149414 0.331250 0.019531 0.015625
7 0.912598 0.202734 0.159180 0.138281
Z 0.919434 0.935938 0.131836 0.067187
Z 0.366699 0.032813 0.071289 0.064063
N 0.718750 0.970313 0.019531 0.015625
N 0.778809 0.764453 0.083008 0.072656
V 0.266602 0.287109 0.085938 0.102344
V 0.290039 0.640625 0.052734 0.109375
J 0.063965 0.300000 0.108398 0.050000
J 0.306641 0.851953 0.097656 0.092969
X 0.668457 0.514453 0.170898 0.124219
X 0.128906 0.839844 0.019531 0.015625
5 0.197266 0.116797 0.117188 0.117969
5 0.467773 0.607031 0.019531 0.015625
H 0.642090 0.651172 0.133789 0.105469
H 0.794434 0.648438 0.049805 0.075000
0 0.046875 0.928125 0.027344 0.021875
0 0.877930 0.036719 0.019531 0.015625
