1 0.167969 0.770833 0.039062 0.026042
1 0.455078 0.534505 0.328125 0.186198
Z 0.212891 0.195312 0.300781 0.111979
Z 0.093750 0.747396 0.039062 0.026042
8 0.329102 0.880208 0.181641 0.098958
8 0.832031 0.653646 0.039062 0.026042
Q 0.507812 0.288411 0.148438 0.095052
Q 0.598633 0.824219 0.240234 0.109375
F 0.707031 0.317708 0.238281 0.135417
F 0.788086 0.722005 0.158203 0.089844
Y 0.929688 0.428385 0.050781 0.033854
Y 0.107422 0.417969 0.191406 0.174479
V 0.744141 0.618490 0.039062 0.026042
V 0.470703 0.402344 0.054688 0.036458
A 0.351562 0.743490 0.214844 0.135417
A 0.955078 0.253906 0.054688 0.036458
G 0.720703 0.016927 0.039062 0.026042
G 0.804688 0.514323 0.039062 0.026042
U 0.189453 0.908854 0.054688 0.036458
U 0.115234 0.712240 0.039062 0.026042
