D 0.506667 0.755556 0.382222 0.311111
D 0.142222 0.844444 0.088889 0.088889
H 0.617778 0.524444 0.088889 0.088889
H 0.760000 0.791111 0.097778 0.097778
3 0.835556 0.373333 0.106667 0.106667
3 0.933333 0.924444 0.097778 0.097778
0 0.531111 0.175556 0.395556 0.342222
R 0.888889 0.720000 0.106667 0.106667
R 0.115556 0.191111 0.088889 0.088889
F 0.760000 0.680000 0.124444 0.124444
F 0.120000 0.524444 0.088889 0.088889
1 0.648889 0.431111 0.088889 0.088889
K 0.253333 0.702222 0.106667 0.106667
N 0.791111 0.102222 0.088889 0.088889
N 0.897778 0.515556 0.088889 0.088889
A 0.155556 0.942222 0.106667 0.106667
A 0.462222 0.435556 0.088889 0.088889
