G 0.651087 0.116054 0.028261 0.050290
G 0.636957 0.765957 0.030435 0.054159
3 0.742391 0.131528 0.028261 0.050290
3 0.377717 0.162476 0.153261 0.321083
1 0.830435 0.514507 0.023913 0.042553
1 0.256522 0.558027 0.121739 0.249516
B 0.704891 0.342360 0.138043 0.317215
B 0.175000 0.094778 0.026087 0.046422
5 0.225000 0.959381 0.023913 0.042553
5 0.258696 0.967118 0.021739 0.038685
T 0.092391 0.751451 0.095652 0.295938
T 0.905435 0.125725 0.021739 0.038685
V 0.548370 0.384913 0.155435 0.100580
V 0.497826 0.696325 0.202174 0.375242
0 0.813043 0.920696 0.021739 0.038685
0 0.772826 0.696325 0.108696 0.286267
S 0.590217 0.460348 0.021739 0.038685
S 0.096196 0.329787 0.181522 0.288201
2 0.902717 0.352031 0.179348 0.220503
2 0.928261 0.705996 0.141304 0.201161
