D 0.753125 0.257407 0.030208 0.081481
D 0.400000 0.568519 0.010417 0.018519
5 0.297656 0.270833 0.067187 0.099074
5 0.293229 0.200000 0.013542 0.024074
F 0.505469 0.426389 0.049479 0.108333
F 0.880208 0.477778 0.013542 0.024074
C 0.141667 0.868981 0.068750 0.065741
C 0.067448 0.881019 0.061979 0.137963
U 0.030208 0.471296 0.054167 0.083333
U 0.032292 0.606019 0.037500 0.123148
G 0.095312 0.727778 0.013542 0.024074
G 0.494271 0.675463 0.084375 0.143519
3 0.864323 0.095370 0.071354 0.142593
3 0.125521 0.412037 0.010417 0.018519
6 0.673958 0.587037 0.010417 0.018519
6 0.178906 0.485648 0.027604 0.136111
