G 0.814453 0.097656 0.123047 0.091797
G 0.553223 0.517578 0.112305 0.076172
J 0.651367 0.746094 0.025391 0.025391
J 0.524902 0.350586 0.065430 0.140625
3 0.800781 0.762695 0.027344 0.027344
3 0.783203 0.362793 0.097656 0.084961
R 0.630859 0.851562 0.023438 0.023438
R 0.918945 0.262207 0.156250 0.151367
M 0.596680 0.601562 0.019531 0.019531
M 0.318848 0.150879 0.114258 0.092773
1 0.862305 0.733398 0.070312 0.134766
1 0.402344 0.708984 0.162109 0.134766
S 0.527344 0.657227 0.023438 0.023438
S 0.061523 0.200195 0.025391 0.025391
K 0.351562 0.823242 0.019531 0.019531
K 0.636719 0.320312 0.025391 0.025391
D 0.323242 0.603516 0.027344 0.027344
D 0.132812 0.619141 0.023438 0.023438
