F 0.365312 0.790197 0.024575 0.076869
F 0.137524 0.774330 0.009452 0.014104
U 0.922023 0.782087 0.012287 0.018336
U 0.085775 0.159379 0.057183 0.091678
2 0.598535 0.669252 0.025992 0.105783
2 0.879017 0.347673 0.012287 0.018336
M 0.186200 0.981664 0.009452 0.014104
M 0.130907 0.946403 0.009452 0.014104
5 0.878544 0.129055 0.011342 0.016925
5 0.766068 0.899154 0.046314 0.084626
X 0.563327 0.026093 0.012287 0.018336
X 0.808837 0.146333 0.035444 0.103667
N 0.157372 0.415374 0.057656 0.071932
N 0.758507 0.632581 0.009452 0.014104
L 0.312854 0.455571 0.009452 0.014104
L 0.248346 0.438646 0.042060 0.081805
1 0.905718 0.960155 0.047732 0.069817
1 0.282136 0.071580 0.042533 0.089563
