N 0.712500 0.282870 0.071875 0.056481
N 0.733333 0.028704 0.011458 0.020370
S 0.908854 0.829167 0.062500 0.147222
S 0.571615 0.382870 0.045312 0.141667
F 0.547917 0.578704 0.014583 0.025926
F 0.119531 0.077315 0.071354 0.106481
Y 0.183333 0.819444 0.012500 0.022222
Y 0.282031 0.729167 0.043229 0.102778
Q 0.405729 0.843519 0.061458 0.131481
Q 0.860417 0.539815 0.010417 0.018519
7 0.084375 0.917593 0.010417 0.018519
7 0.243229 0.847685 0.052083 0.067593
D 0.203646 0.356481 0.010417 0.018519
D 0.820833 0.955556 0.011458 0.020370
G 0.369792 0.094444 0.014583 0.025926
G 0.377083 0.482407 0.014583 0.025926
