Q 0.844444 0.467708 0.111111 0.156250
Q 0.293056 0.697917 0.202778 0.341667
D 0.618056 0.283333 0.036111 0.054167
D 0.317361 0.206250 0.156944 0.312500
P 0.104167 0.364583 0.027778 0.041667
P 0.165278 0.720833 0.027778 0.041667
N 0.472917 0.380208 0.109722 0.243750
N 0.138889 0.241667 0.036111 0.054167
J 0.631944 0.408333 0.027778 0.041667
J 0.914583 0.755208 0.148611 0.235417
G 0.955556 0.212500 0.030556 0.045833
G 0.837500 0.196875 0.138889 0.260417
1 0.583333 0.477083 0.038889 0.058333
1 0.125000 0.293750 0.027778 0.041667
L 0.809722 0.922917 0.027778 0.041667
L 0.479167 0.630208 0.080556 0.118750
