Y 0.625185 0.753889 0.207407 0.087778
Y 0.604444 0.056667 0.035556 0.026667
A 0.668148 0.687778 0.038519 0.028889
A 0.023704 0.323333 0.041481 0.031111
8 0.294815 0.283333 0.097778 0.071111
8 0.120000 0.296667 0.035556 0.026667
Z 0.360741 0.578333 0.188148 0.098889
Z 0.552593 0.190000 0.038519 0.028889
B 0.171852 0.307778 0.029630 0.022222
B 0.884444 0.891111 0.133333 0.142222
1 0.821481 0.706111 0.108148 0.094444
1 0.170370 0.365556 0.029630 0.022222
M 0.462222 0.344444 0.035556 0.026667
M 0.229630 0.118889 0.157037 0.068889
D 0.312593 0.767778 0.142222 0.066667
D 0.274815 0.386667 0.134815 0.104444
3 0.933333 0.751111 0.035556 0.026667
3 0.786667 0.338333 0.216296 0.067778
9 0.201481 0.612222 0.041481 0.031111
9 0.702963 0.546667 0.176296 0.131111
