V 0.825185 0.722222 0.032593 0.024444
V 0.571852 0.405556 0.210370 0.155556
5 0.150370 0.766111 0.075556 0.143333
5 0.785926 0.952778 0.197037 0.065556
G 0.486667 0.910556 0.131852 0.072222
G 0.196296 0.401111 0.152593 0.177778
W 0.548148 0.180556 0.124444 0.141111
W 0.834074 0.262222 0.257778 0.193333
9 0.404444 0.524444 0.038519 0.028889
9 0.121481 0.591111 0.216296 0.142222
K 0.491111 0.710556 0.179259 0.065556
K 0.339259 0.506667 0.029630 0.022222
N 0.297778 0.871111 0.180741 0.146667
N 0.365926 0.042222 0.038519 0.028889
E 0.028148 0.465556 0.041481 0.031111
E 0.745185 0.127778 0.038519 0.028889
