9 0.861022 0.429257 0.236422 0.402878
9 0.632588 0.714628 0.041534 0.062350
10 0.619010 0.465228 0.097444 0.282974
10 0.192492 0.191847 0.183706 0.119904
15 0.406550 0.416067 0.234824 0.285372
15 0.184505 0.623501 0.193291 0.340528
7 0.488019 0.902878 0.145367 0.155875
7 0.043131 0.834532 0.031949 0.047962
32 0.388179 0.659472 0.038339 0.057554
32 0.832268 0.792566 0.226837 0.251799
5 0.487220 0.146283 0.220447 0.206235
5 0.463259 0.621103 0.038339 0.057554
27 0.277955 0.033573 0.031949 0.047962
30 0.825879 0.040767 0.031949 0.047962
30 0.063898 0.023981 0.031949 0.047962
31 0.456869 0.726619 0.044728 0.067146
31 0.586262 0.808153 0.031949 0.047962
