T 0.161111 0.886458 0.141667 0.193750
T 0.527778 0.425000 0.100000 0.145833
H 0.636111 0.027083 0.033333 0.050000
H 0.465972 0.709375 0.181944 0.210417
5 0.367361 0.220833 0.204167 0.225000
5 0.897917 0.264583 0.120833 0.212500
W 0.609722 0.270833 0.036111 0.054167
W 0.645833 0.158333 0.027778 0.041667
7 0.604167 0.158333 0.036111 0.054167
7 0.250000 0.358333 0.030556 0.045833
B 0.416667 0.566667 0.027778 0.041667
B 0.823611 0.741667 0.038889 0.058333
E 0.747222 0.820833 0.033333 0.050000
E 0.700000 0.820833 0.030556 0.045833
F 0.096528 0.267708 0.106944 0.185417
F 0.266667 0.027083 0.027778 0.041667
1 0.122917 0.512500 0.173611 0.204167
1 0.767361 0.492708 0.190278 0.193750
