V 0.772461 0.596803 0.019531 0.035524
V 0.653320 0.980462 0.019531 0.035524
E 0.768555 0.275311 0.025391 0.046181
E 0.920898 0.163410 0.019531 0.035524
K 0.908203 0.751332 0.027344 0.049734
K 0.713867 0.769094 0.019531 0.035524
9 0.309570 0.595027 0.095703 0.230906
9 0.420898 0.849023 0.138672 0.124334
5 0.613281 0.832149 0.080078 0.250444
5 0.851562 0.591474 0.019531 0.035524
M 0.263672 0.454707 0.025391 0.046181
M 0.098633 0.159858 0.121094 0.259325
4 0.742188 0.420959 0.025391 0.046181
4 0.080078 0.743339 0.101562 0.197158
L 0.389160 0.201599 0.151367 0.275311
L 0.924805 0.410302 0.027344 0.049734
6 0.529297 0.460036 0.136719 0.138544
6 0.480469 0.053286 0.023438 0.042629
