12 0.937500 0.592018 0.123333 0.086475
12 0.377083 0.450111 0.124167 0.177384
10 0.095417 0.605876 0.122500 0.169623
10 0.496250 0.577605 0.100833 0.119734
33 0.673333 0.467849 0.021667 0.028825
33 0.439167 0.029933 0.020000 0.026608
7 0.212083 0.667406 0.065833 0.084257
7 0.340417 0.652993 0.069167 0.095344
30 0.154167 0.381375 0.021667 0.028825
30 0.825000 0.258869 0.070000 0.094235
0 0.974167 0.238359 0.016667 0.022173
0 0.924167 0.246120 0.016667 0.022173
25 0.610000 0.492239 0.016667 0.022173
25 0.897500 0.161863 0.021667 0.028825
