0 0.859375 0.891667 0.015625 0.027778
0 0.040625 0.537500 0.021875 0.038889
D 0.532031 0.181944 0.020313 0.036111
D 0.067578 0.718056 0.122656 0.219444
B 0.939844 0.084722 0.015625 0.027778
B 0.468750 0.694444 0.081250 0.147222
F 0.162109 0.925000 0.058594 0.119444
F 0.687891 0.809028 0.078906 0.131944
7 0.815625 0.325000 0.093750 0.200000
7 0.826563 0.927778 0.015625 0.027778
9 0.186719 0.190278 0.090625 0.172222
9 0.332031 0.292361 0.070312 0.134722
E 0.874219 0.493056 0.015625 0.027778
E 0.281250 0.163889 0.015625 0.027778
2 0.190625 0.556944 0.021875 0.038889
2 0.456250 0.597222 0.015625 0.027778
J 0.142578 0.450694 0.105469 0.170833
J 0.049609 0.404861 0.050781 0.190278
