X 0.189941 0.349558 0.053711 0.094395
X 0.468750 0.146018 0.011719 0.017699
F 0.253662 0.466814 0.072754 0.094395
F 0.541992 0.183628 0.050781 0.098820
4 0.575684 0.520649 0.037109 0.060472
4 0.449219 0.894543 0.012695 0.019174
U 0.119385 0.279499 0.050293 0.051622
U 0.849609 0.923673 0.078125 0.123156
R 0.658203 0.098083 0.012695 0.019174
R 0.076172 0.567109 0.071289 0.110619
8 0.566162 0.933260 0.049316 0.103982
8 0.721924 0.755900 0.058105 0.036873
Z 0.798828 0.559735 0.009766 0.014749
Z 0.068359 0.383481 0.011719 0.017699
P 0.195801 0.849189 0.049805 0.064159
P 0.969727 0.398968 0.010742 0.016224
Q 0.390625 0.421829 0.012695 0.019174
Q 0.810547 0.182153 0.009766 0.014749
