14 0.373134 0.466135 0.099502 0.079681
14 0.694030 0.237052 0.542289 0.474104
18 0.771144 0.561753 0.099502 0.079681
18 0.124378 0.721116 0.129353 0.103586
21 0.358209 0.741036 0.099502 0.079681
21 0.820896 0.669323 0.099502 0.079681
16 0.069652 0.896414 0.139303 0.111554
12 0.517413 0.533865 0.119403 0.095618
12 0.268657 0.215139 0.119403 0.095618
15 0.626866 0.804781 0.129353 0.103586
27 0.074627 0.414343 0.119403 0.095618
13 0.791045 0.948207 0.119403 0.095618
13 0.373134 0.549801 0.099502 0.079681
