L 0.210833 0.072981 0.111667 0.136646
L 0.530000 0.942547 0.021667 0.040373
B 0.889167 0.812112 0.021667 0.040373
B 0.540833 0.107143 0.123333 0.155280
C 0.461667 0.523292 0.016667 0.031056
C 0.626667 0.641304 0.021667 0.040373
D 0.720000 0.844720 0.020000 0.037267
D 0.361667 0.392857 0.021667 0.040373
A 0.246250 0.545031 0.092500 0.198758
A 0.825417 0.652174 0.049167 0.127329
3 0.130833 0.541925 0.018333 0.034161
3 0.326667 0.319876 0.018333 0.034161
F 0.140000 0.680124 0.116667 0.145963
F 0.681667 0.397516 0.016667 0.031056
S 0.315000 0.213509 0.091667 0.156832
S 0.450417 0.358696 0.122500 0.239130
Y 0.976667 0.801242 0.016667 0.031056
Y 0.856250 0.457298 0.087500 0.138199
1 0.119583 0.359472 0.134167 0.197205
1 0.833333 0.208075 0.016667 0.031056
