W 0.482778 0.111250 0.048889 0.092500
W 0.166667 0.341667 0.011111 0.016667
V 0.193333 0.273333 0.011111 0.016667
V 0.327778 0.647500 0.011111 0.016667
2 0.278889 0.584167 0.011111 0.016667
2 0.314167 0.476250 0.078333 0.099167
A 0.843056 0.662917 0.055000 0.109167
A 0.835000 0.500000 0.083333 0.090000
1 0.008889 0.080833 0.015556 0.023333
1 0.817778 0.259167 0.046667 0.088333
Z 0.382222 0.893750 0.061111 0.125833
Z 0.745000 0.905000 0.028889 0.106667
U 0.015000 0.601667 0.011111 0.016667
U 0.767222 0.245833 0.011111 0.016667
H 0.646667 0.540833 0.108889 0.160000
H 0.933333 0.607500 0.062222 0.045000
5 0.811111 0.102917 0.045556 0.079167
5 0.224444 0.830000 0.037778 0.066667
