7 0.542222 0.382222 0.115556 0.115556
7 0.093333 0.857778 0.097778 0.097778
Y 0.826667 0.840000 0.124444 0.124444
Y 0.128889 0.133333 0.231111 0.248889
9 0.080000 0.448889 0.124444 0.124444
9 0.493333 0.702222 0.088889 0.088889
3 0.293333 0.631111 0.097778 0.097778
3 0.191111 0.444444 0.097778 0.097778
0 0.737778 0.582222 0.115556 0.115556
8 0.415556 0.175556 0.333333 0.288889
8 0.911111 0.266667 0.088889 0.088889
R 0.408889 0.435556 0.088889 0.088889
H 0.373333 0.777778 0.088889 0.088889
H 0.884444 0.524444 0.124444 0.124444
