R 0.540000 0.103586 0.100000 0.079681
R 0.050000 0.541833 0.100000 0.079681
Z 0.245000 0.697211 0.130000 0.103586
Z 0.612500 0.537849 0.565000 0.462151
6 0.475000 0.207171 0.130000 0.103586
6 0.265000 0.235060 0.110000 0.087649
7 0.737500 0.149402 0.275000 0.227092
U 0.075000 0.115538 0.120000 0.095618
G 0.280000 0.864542 0.140000 0.111554
Q 0.205000 0.039841 0.100000 0.079681
Q 0.215000 0.422311 0.140000 0.111554
D 0.075000 0.418327 0.110000 0.087649
D 0.070000 0.784861 0.120000 0.095618
Y 0.890000 0.828685 0.100000 0.079681
