U 0.679167 0.771739 0.016667 0.031056
U 0.396667 0.686335 0.023333 0.043478
E 0.717083 0.594720 0.114167 0.145963
E 0.467083 0.211957 0.127500 0.231366
T 0.113333 0.895963 0.018333 0.034161
T 0.985833 0.939441 0.021667 0.040373
5 0.922500 0.364907 0.018333 0.034161
5 0.453333 0.850932 0.016667 0.031056
D 0.815417 0.651398 0.069167 0.187888
D 0.749583 0.207298 0.120833 0.178571
F 0.230417 0.660714 0.122500 0.175466
F 0.061250 0.196429 0.089167 0.237578
7 0.300000 0.841615 0.016667 0.031056
7 0.583750 0.638199 0.117500 0.254658
0 0.564167 0.877329 0.071667 0.090062
0 0.824583 0.065217 0.065833 0.099379
W 0.935833 0.180901 0.106667 0.209627
W 0.931667 0.446429 0.113333 0.091615
9 0.325000 0.619565 0.065000 0.198758
9 0.641250 0.252329 0.095833 0.234472
