29 0.577500 0.240872 0.231667 0.114252
29 0.138333 0.623086 0.226667 0.195524
23 0.410000 0.896349 0.033333 0.023557
23 0.408333 0.513545 0.040000 0.028269
5 0.136667 0.076561 0.033333 0.023557
5 0.186667 0.255006 0.283333 0.194346
30 0.438333 0.428151 0.150000 0.090695
30 0.456667 0.928151 0.033333 0.023557
14 0.169167 0.875736 0.185000 0.126031
14 0.965000 0.969376 0.033333 0.023557
2 0.921667 0.740872 0.033333 0.023557
2 0.087500 0.446996 0.118333 0.116608
24 0.783333 0.826855 0.033333 0.023557
24 0.646667 0.700824 0.033333 0.023557
