F 0.222000 0.107500 0.136000 0.141000
F 0.529000 0.070000 0.028000 0.028000
7 0.853000 0.391000 0.028000 0.028000
7 0.349000 0.834500 0.148000 0.137000
0 0.958000 0.850000 0.028000 0.028000
0 0.668000 0.141000 0.020000 0.020000
5 0.062500 0.077500 0.073000 0.085000
5 0.703000 0.195000 0.022000 0.022000
L 0.451000 0.240500 0.108000 0.145000
L 0.680000 0.655500 0.126000 0.125000
2 0.519500 0.495000 0.153000 0.096000
2 0.920000 0.310000 0.028000 0.028000
T 0.785500 0.855000 0.151000 0.116000
T 0.669000 0.533500 0.122000 0.093000
8 0.239000 0.582000 0.096000 0.082000
8 0.519000 0.827000 0.020000 0.020000
N 0.223000 0.010000 0.020000 0.020000
N 0.083000 0.507500 0.086000 0.091000
X 0.535500 0.394500 0.117000 0.071000
X 0.515000 0.979000 0.026000 0.026000
