18 0.936000 0.233000 0.029333 0.022000
18 0.850667 0.408000 0.026667 0.020000
4 0.697333 0.327500 0.080000 0.059000
4 0.630667 0.782000 0.138667 0.100000
2 0.785333 0.106000 0.032000 0.024000
2 0.394667 0.737000 0.162667 0.066000
8 0.904000 0.929000 0.034667 0.026000
8 0.492000 0.530000 0.034667 0.026000
26 0.398667 0.973000 0.026667 0.020000
26 0.216000 0.395500 0.170667 0.117000
11 0.678000 0.121000 0.164000 0.132000
11 0.157333 0.581000 0.189333 0.052000
20 0.514667 0.248500 0.130667 0.115000
20 0.144000 0.689500 0.144000 0.053000
28 0.516000 0.616500 0.136000 0.077000
28 0.126000 0.873000 0.172000 0.140000
3 0.887333 0.798500 0.076000 0.147000
3 0.576000 0.358500 0.122667 0.081000
27 0.472000 0.850500 0.152000 0.103000
27 0.398667 0.537000 0.026667 0.020000
