9 0.816000 0.218667 0.013333 0.013333
9 0.885333 0.308667 0.017333 0.017333
30 0.879333 0.905333 0.018667 0.018667
30 0.929667 0.646667 0.058000 0.066667
29 0.433000 0.359000 0.064667 0.083333
29 0.457333 0.705333 0.013333 0.013333
6 0.415667 0.911333 0.108667 0.104000
6 0.216000 0.390667 0.013333 0.013333
28 0.810667 0.434667 0.109333 0.117333
28 0.297333 0.734000 0.017333 0.017333
0 0.634667 0.446333 0.052000 0.050000
0 0.575667 0.595667 0.090000 0.062000
24 0.608667 0.240667 0.016000 0.016000
24 0.916000 0.053333 0.018667 0.018667
22 0.695333 0.601667 0.060000 0.040667
22 0.721333 0.673333 0.018667 0.018667
