9 0.471739 0.315280 0.026087 0.046422
9 0.725543 0.529014 0.140217 0.288201
P 0.517391 0.789168 0.106522 0.232108
P 0.902174 0.479691 0.021739 0.038685
F 0.226630 0.782398 0.064130 0.164410
F 0.723913 0.229207 0.095652 0.183752
N 0.246196 0.350097 0.109783 0.201161
N 0.794565 0.150870 0.028261 0.050290
A 0.951087 0.785300 0.026087 0.046422
A 0.392935 0.376209 0.114130 0.160542
E 0.887500 0.598646 0.142391 0.141199
E 0.392935 0.874275 0.114130 0.197292
C 0.634783 0.419729 0.023913 0.042553
C 0.122826 0.317215 0.102174 0.247582
D 0.563587 0.352031 0.118478 0.305609
D 0.944565 0.140232 0.100000 0.222437
