31 0.650694 0.640625 0.204167 0.160417
31 0.683333 0.401042 0.147222 0.302083
27 0.033333 0.645833 0.027778 0.041667
27 0.398611 0.818750 0.027778 0.041667
33 0.340278 0.560417 0.027778 0.041667
33 0.850694 0.818750 0.123611 0.170833
24 0.135417 0.426042 0.173611 0.206250
24 0.256250 0.742708 0.148611 0.193750
13 0.399306 0.235417 0.209722 0.258333
13 0.163194 0.184375 0.126389 0.135417
2 0.534722 0.150000 0.027778 0.041667
2 0.560417 0.830208 0.115278 0.147917
22 0.616667 0.064583 0.027778 0.041667
22 0.903472 0.560417 0.173611 0.129167
