F 0.073333 0.245000 0.026667 0.020000
F 0.304000 0.973000 0.026667 0.020000
A 0.128000 0.356500 0.176000 0.097000
A 0.953333 0.802000 0.026667 0.020000
Y 0.701333 0.754000 0.178667 0.118000
Y 0.788667 0.207000 0.190667 0.096000
R 0.309333 0.310000 0.026667 0.020000
R 0.669333 0.652000 0.026667 0.020000
X 0.205333 0.658000 0.037333 0.028000
X 0.606000 0.521500 0.100000 0.105000
J 0.852000 0.758000 0.032000 0.024000
J 0.469333 0.308000 0.026667 0.020000
7 0.157333 0.962000 0.034667 0.026000
7 0.862000 0.956000 0.177333 0.084000
V 0.517333 0.208000 0.032000 0.024000
V 0.509333 0.130000 0.026667 0.020000
Q 0.313333 0.051000 0.034667 0.026000
Q 0.598667 0.074000 0.082667 0.108000
