2 0.880495 0.404560 0.085165 0.085781
2 0.456044 0.863988 0.038462 0.021638
25 0.330357 0.257728 0.155220 0.085781
25 0.875000 0.582689 0.035714 0.020093
30 0.841346 0.921947 0.141484 0.086553
30 0.122940 0.229521 0.105769 0.081917
23 0.041209 0.214838 0.032967 0.018547
23 0.588599 0.503478 0.182692 0.112056
14 0.565934 0.057960 0.027473 0.015456
14 0.351648 0.071097 0.167582 0.097372
13 0.582418 0.112828 0.085165 0.043277
13 0.986264 0.515456 0.027473 0.015456
1 0.467033 0.306028 0.090659 0.046368
1 0.271978 0.608192 0.032967 0.018547
