10 0.640200 0.152381 0.127325 0.281905
10 0.741059 0.767619 0.040057 0.053333
2 0.832618 0.112381 0.037196 0.049524
2 0.356223 0.809524 0.028612 0.038095
0 0.778255 0.794286 0.031474 0.041905
0 0.643062 0.520952 0.158798 0.196190
24 0.196710 0.180000 0.241774 0.333333
24 0.788984 0.287619 0.110157 0.205714
8 0.477825 0.891429 0.094421 0.167619
8 0.893419 0.659048 0.198856 0.240000
32 0.356223 0.306667 0.034335 0.045714
32 0.419170 0.739048 0.028612 0.038095
9 0.630901 0.817143 0.091559 0.220952
9 0.213877 0.604762 0.141631 0.177143
