X 0.689412 0.474576 0.023529 0.037665
X 0.488235 0.137476 0.028235 0.045198
P 0.125882 0.836158 0.023529 0.037665
P 0.178235 0.453861 0.107059 0.154426
4 0.807647 0.270245 0.156471 0.209040
4 0.109412 0.506591 0.030588 0.048964
1 0.721176 0.662900 0.023529 0.037665
1 0.334706 0.399247 0.163529 0.203390
D 0.060000 0.429379 0.023529 0.037665
D 0.330588 0.751412 0.023529 0.037665
S 0.803529 0.798493 0.023529 0.037665
S 0.110588 0.981168 0.023529 0.037665
9 0.679412 0.938795 0.156471 0.111111
9 0.412353 0.658192 0.104706 0.265537
J 0.617059 0.674200 0.130588 0.274953
J 0.190588 0.162900 0.171765 0.269303
