19 0.400593 0.080000 0.077151 0.057778
19 0.207715 0.095556 0.071217 0.053333
5 0.050445 0.591111 0.059347 0.044444
5 0.876855 0.327778 0.246291 0.335556
29 0.608309 0.785556 0.296736 0.113333
29 0.528190 0.664444 0.077151 0.057778
30 0.307122 0.520000 0.418398 0.177778
30 0.378338 0.275556 0.483680 0.288889
18 0.059347 0.331111 0.077151 0.057778
18 0.792285 0.724444 0.071217 0.053333
15 0.181009 0.835556 0.308605 0.248889
14 0.786350 0.913333 0.059347 0.044444
14 0.163205 0.673333 0.059347 0.044444
27 0.749258 0.583333 0.287834 0.144444
27 0.816024 0.042222 0.077151 0.057778
