6 0.852778 0.832292 0.205556 0.197917
6 0.607639 0.760417 0.195833 0.225000
H 0.920833 0.675000 0.027778 0.041667
H 0.066667 0.325000 0.027778 0.041667
8 0.323611 0.265625 0.097222 0.185417
8 0.547222 0.220833 0.036111 0.054167
1 0.604167 0.463542 0.166667 0.172917
1 0.630556 0.272917 0.030556 0.045833
E 0.376389 0.533333 0.130556 0.200000
E 0.883333 0.519792 0.205556 0.260417
R 0.895833 0.090625 0.127778 0.127083
R 0.089583 0.169792 0.115278 0.239583
B 0.161806 0.767708 0.120833 0.152083
B 0.815278 0.681250 0.036111 0.054167
7 0.791667 0.139583 0.027778 0.041667
7 0.104861 0.518750 0.195833 0.345833
W 0.386806 0.765625 0.120833 0.243750
W 0.459722 0.216667 0.030556 0.045833
4 0.488889 0.658333 0.027778 0.041667
