J 0.593333 0.671111 0.158519 0.173333
J 0.456296 0.032222 0.029630 0.022222
R 0.367407 0.742222 0.029630 0.022222
R 0.155556 0.115556 0.032593 0.024444
6 0.685926 0.504444 0.029630 0.022222
6 0.128889 0.655556 0.029630 0.022222
A 0.488889 0.270000 0.032593 0.024444
A 0.260741 0.765556 0.162963 0.097778
X 0.508148 0.823889 0.165926 0.112222
X 0.786667 0.205556 0.269630 0.186667
H 0.838519 0.881667 0.148148 0.123333
H 0.876296 0.560556 0.081481 0.123333
Q 0.097778 0.380000 0.160000 0.142222
Q 0.589630 0.231111 0.029630 0.022222
5 0.411852 0.226111 0.097778 0.098889
5 0.343704 0.522222 0.029630 0.022222
P 0.205185 0.549444 0.096296 0.161111
P 0.485926 0.365000 0.148148 0.090000
T 0.579259 0.141111 0.029630 0.022222
T 0.825185 0.730556 0.219259 0.127778
