2 0.171667 0.546525 0.033333 0.023557
2 0.636667 0.861013 0.170000 0.084806
4 0.706667 0.657244 0.033333 0.023557
4 0.385000 0.179034 0.156667 0.103651
8 0.463333 0.419317 0.200000 0.162544
8 0.215000 0.968198 0.043333 0.030624
6 0.663333 0.174323 0.040000 0.028269
6 0.354167 0.850412 0.248333 0.103651
J 0.848333 0.619552 0.043333 0.030624
J 0.870000 0.486455 0.220000 0.087161
A 0.493333 0.598351 0.210000 0.131920
A 0.666667 0.787986 0.033333 0.023557
L 0.325000 0.429918 0.043333 0.030624
L 0.303333 0.101296 0.033333 0.023557
