Z 0.904297 0.509375 0.027344 0.021875
Z 0.060547 0.278906 0.019531 0.015625
D 0.599609 0.314453 0.132812 0.108594
D 0.448242 0.215625 0.025391 0.020313
W 0.908691 0.732031 0.084961 0.046875
W 0.464844 0.490625 0.019531 0.015625
8 0.353516 0.168750 0.019531 0.015625
8 0.198730 0.720313 0.116211 0.076563
4 0.333984 0.387891 0.099609 0.085156
4 0.877930 0.239063 0.019531 0.015625
Y 0.927246 0.820703 0.096680 0.080469
Y 0.145020 0.402344 0.151367 0.114063
R 0.862305 0.597656 0.021484 0.017188
R 0.927734 0.900391 0.123047 0.049219
6 0.867188 0.442578 0.126953 0.052344
6 0.677246 0.179297 0.083008 0.063281
K 0.656250 0.897656 0.101562 0.070312
K 0.638672 0.678516 0.134766 0.108594
T 0.028320 0.592969 0.027344 0.021875
T 0.406738 0.867578 0.086914 0.058594
