T 0.166000 0.596000 0.116000 0.156000
T 0.874000 0.515000 0.020000 0.020000
5 0.650000 0.333500 0.090000 0.137000
5 0.399500 0.544000 0.167000 0.180000
W 0.069000 0.904500 0.102000 0.089000
W 0.183000 0.157500 0.120000 0.089000
B 0.821000 0.841000 0.056000 0.108000
B 0.562000 0.059000 0.160000 0.100000
9 0.835000 0.610500 0.146000 0.167000
9 0.873000 0.829000 0.020000 0.020000
1 0.231000 0.830000 0.020000 0.020000
1 0.644000 0.796000 0.020000 0.020000
7 0.217000 0.945000 0.090000 0.080000
7 0.381000 0.765000 0.116000 0.112000
N 0.416500 0.267500 0.143000 0.083000
N 0.104000 0.188000 0.026000 0.026000
P 0.888500 0.039500 0.087000 0.057000
P 0.087000 0.047000 0.020000 0.020000
