4 0.444000 0.839000 0.152000 0.074000
4 0.713000 0.830000 0.112000 0.112000
T 0.518000 0.332000 0.020000 0.020000
T 0.421000 0.968000 0.028000 0.028000
6 0.662000 0.048000 0.020000 0.020000
6 0.508500 0.248500 0.073000 0.071000
2 0.572000 0.113000 0.066000 0.132000
2 0.524500 0.916000 0.073000 0.072000
C 0.345000 0.394000 0.102000 0.102000
C 0.854500 0.556000 0.187000 0.190000
5 0.331000 0.548000 0.024000 0.024000
5 0.777000 0.226500 0.146000 0.077000
Q 0.256000 0.168000 0.162000 0.174000
Q 0.021000 0.291000 0.020000 0.020000
B 0.439000 0.500000 0.144000 0.094000
B 0.074000 0.111500 0.126000 0.141000
V 0.308000 0.605000 0.022000 0.022000
V 0.197500 0.818500 0.085000 0.133000
X 0.312000 0.675000 0.026000 0.026000
X 0.091000 0.537500 0.124000 0.131000
