1 0.260833 0.588692 0.016667 0.022173
W 0.905000 0.338692 0.135000 0.182927
W 0.445833 0.677384 0.023333 0.031042
3 0.233333 0.849224 0.080000 0.135255
3 0.693333 0.514412 0.023333 0.031042
0 0.616667 0.711752 0.016667 0.022173
0 0.221667 0.302106 0.055000 0.143016
C 0.172500 0.252772 0.016667 0.022173
C 0.072500 0.547118 0.050000 0.087583
P 0.385833 0.362528 0.018333 0.024390
P 0.502917 0.478381 0.044167 0.123060
4 0.672500 0.417960 0.073333 0.144124
4 0.117500 0.257206 0.021667 0.028825
Y 0.129583 0.776053 0.074167 0.115299
Y 0.745000 0.733925 0.016667 0.022173
L 0.872500 0.580931 0.123333 0.150776
L 0.933333 0.721729 0.023333 0.031042
X 0.384167 0.541020 0.108333 0.161863
X 0.095000 0.064856 0.093333 0.100887
