2 0.620850 0.465339 0.068848 0.081121
2 0.384277 0.334071 0.009766 0.014749
24 0.437988 0.558997 0.072266 0.076696
24 0.478760 0.246681 0.053223 0.044985
17 0.891602 0.127581 0.012695 0.019174
17 0.675293 0.933997 0.057617 0.061209
19 0.955322 0.775811 0.077637 0.104720
19 0.137207 0.789454 0.088867 0.120206
4 0.323730 0.067847 0.009766 0.014749
4 0.539062 0.431416 0.027344 0.089971
21 0.741211 0.315634 0.009766 0.014749
21 0.711182 0.647124 0.079590 0.134956
5 0.880859 0.504056 0.083008 0.127581
5 0.278076 0.504425 0.033691 0.081121
