6 0.470417 0.523836 0.080833 0.107539
6 0.518333 0.648559 0.081667 0.068736
10 0.497917 0.364191 0.072500 0.129712
10 0.186667 0.148559 0.016667 0.022173
26 0.938750 0.406319 0.090833 0.089800
26 0.725833 0.271619 0.016667 0.022173
24 0.860833 0.899667 0.103333 0.078714
24 0.275833 0.977827 0.016667 0.022173
16 0.697083 0.845344 0.120833 0.076497
16 0.680000 0.535477 0.115000 0.128603
20 0.928750 0.576497 0.085833 0.093126
20 0.077500 0.425166 0.125000 0.160754
7 0.137083 0.266075 0.085833 0.104213
7 0.730833 0.197339 0.023333 0.031042
