22 0.272222 0.068750 0.027778 0.041667
22 0.766667 0.667708 0.188889 0.293750
6 0.565972 0.298958 0.262500 0.372917
6 0.921528 0.172917 0.090278 0.245833
33 0.059722 0.568750 0.086111 0.195833
33 0.843750 0.915625 0.131944 0.139583
8 0.702778 0.945833 0.027778 0.041667
8 0.538194 0.872917 0.190278 0.104167
9 0.235417 0.377083 0.162500 0.325000
9 0.301389 0.711458 0.080556 0.264583
1 0.958333 0.377083 0.038889 0.058333
1 0.195139 0.780208 0.131944 0.197917
15 0.548611 0.669792 0.216667 0.202083
15 0.220833 0.616667 0.036111 0.054167
