6 0.920000 0.808889 0.088889 0.088889
6 0.791111 0.324444 0.364444 0.648889
16 0.311111 0.348889 0.480000 0.457778
16 0.222222 0.648889 0.124444 0.124444
13 0.662222 0.804444 0.088889 0.088889
3 0.084444 0.848889 0.088889 0.088889
26 0.337778 0.946667 0.088889 0.088889
18 0.186667 0.777778 0.088889 0.088889
18 0.400000 0.813333 0.097778 0.097778
30 0.546667 0.764444 0.088889 0.088889
14 0.702222 0.920000 0.088889 0.088889
14 0.831111 0.746667 0.088889 0.088889
12 0.586667 0.924444 0.115556 0.115556
