Q 0.074479 0.752778 0.052083 0.105556
Q 0.536458 0.068519 0.014583 0.025926
6 0.909896 0.075463 0.046875 0.126852
6 0.651042 0.248148 0.013542 0.024074
V 0.688802 0.723148 0.064062 0.087037
V 0.347396 0.423611 0.072917 0.117593
F 0.278385 0.573611 0.028646 0.089815
F 0.826302 0.872685 0.030729 0.134259
H 0.506771 0.374074 0.010417 0.018519
H 0.432292 0.509259 0.010417 0.018519
U 0.563021 0.181944 0.054167 0.084259
U 0.794792 0.511574 0.069792 0.145370
M 0.839062 0.694444 0.064583 0.081481
M 0.410417 0.535185 0.012500 0.022222
T 0.744792 0.876852 0.096875 0.166667
T 0.613021 0.077315 0.056250 0.095370
3 0.167187 0.121759 0.028125 0.049074
3 0.200781 0.532407 0.080729 0.129630
