X 0.948000 0.071000 0.026667 0.020000
X 0.774667 0.791000 0.170667 0.138000
5 0.738000 0.920000 0.121333 0.096000
5 0.737333 0.655000 0.184000 0.132000
D 0.332000 0.825000 0.032000 0.024000
D 0.460667 0.213500 0.148000 0.089000
J 0.472667 0.594500 0.105333 0.061000
J 0.138667 0.317500 0.074667 0.103000
P 0.640000 0.174000 0.034667 0.026000
P 0.118667 0.485000 0.026667 0.020000
T 0.317333 0.675000 0.146667 0.080000
T 0.742667 0.183000 0.037333 0.028000
B 0.105333 0.564000 0.197333 0.086000
B 0.688000 0.290000 0.026667 0.020000
U 0.584667 0.613500 0.113333 0.083000
U 0.972000 0.546000 0.026667 0.020000
