M 0.455566 0.853464 0.110352 0.147425
M 0.717773 0.539964 0.019531 0.035524
8 0.069824 0.164298 0.112305 0.225577
8 0.616211 0.781528 0.019531 0.035524
V 0.648438 0.893428 0.019531 0.035524
V 0.127930 0.298401 0.019531 0.035524
G 0.347168 0.414742 0.100586 0.257549
G 0.338867 0.117229 0.146484 0.166963
C 0.819336 0.303730 0.019531 0.035524
C 0.460938 0.587922 0.027344 0.049734
Y 0.060547 0.544405 0.121094 0.214920
Y 0.893066 0.555062 0.127930 0.275311
N 0.489258 0.204263 0.019531 0.035524
N 0.222656 0.879218 0.078125 0.092362
J 0.178711 0.104796 0.019531 0.035524
J 0.534180 0.554174 0.054688 0.227353
1 0.450195 0.425400 0.091797 0.211368
1 0.646484 0.948490 0.027344 0.049734
