3 0.745313 0.526389 0.015625 0.027778
3 0.485156 0.093750 0.100000 0.123611
F 0.564844 0.311111 0.015625 0.027778
F 0.710156 0.231250 0.054688 0.206944
S 0.835938 0.884722 0.015625 0.027778
S 0.327734 0.545833 0.096094 0.219444
H 0.264453 0.065278 0.094531 0.116667
H 0.935156 0.381944 0.090625 0.186111
A 0.139063 0.117361 0.121875 0.168056
A 0.783594 0.140972 0.075000 0.218056
R 0.976562 0.897222 0.020313 0.036111
R 0.326172 0.745833 0.053906 0.119444
W 0.041406 0.640278 0.020313 0.036111
W 0.503516 0.704861 0.138281 0.212500
9 0.850391 0.538194 0.103906 0.073611
9 0.147656 0.755556 0.100000 0.158333
Y 0.882812 0.723611 0.115625 0.086111
Y 0.239063 0.663194 0.081250 0.131944
