A 0.345333 0.243000 0.184000 0.150000
A 0.140667 0.608500 0.206667 0.177000
7 0.567333 0.644500 0.161333 0.147000
7 0.608667 0.483000 0.078667 0.146000
B 0.701333 0.958000 0.026667 0.020000
B 0.481333 0.745000 0.026667 0.020000
Q 0.110667 0.358000 0.170667 0.140000
Q 0.761333 0.581000 0.144000 0.110000
C 0.256000 0.783000 0.026667 0.020000
C 0.588000 0.069000 0.034667 0.026000
E 0.216667 0.867500 0.148000 0.065000
E 0.585333 0.249000 0.026667 0.020000
5 0.828000 0.318000 0.186667 0.136000
5 0.524667 0.815500 0.172000 0.103000
