9 0.528889 0.210000 0.201481 0.135556
9 0.748148 0.326667 0.029630 0.022222
C 0.380741 0.037778 0.029630 0.022222
C 0.820741 0.443333 0.029630 0.022222
4 0.653333 0.325556 0.029630 0.022222
4 0.463704 0.496667 0.112593 0.080000
R 0.277037 0.958889 0.029630 0.022222
R 0.248889 0.526667 0.041481 0.031111
V 0.860741 0.088889 0.029630 0.022222
V 0.521481 0.716667 0.029630 0.022222
3 0.160000 0.357778 0.029630 0.022222
3 0.285926 0.420000 0.038519 0.028889
E 0.286667 0.729444 0.093333 0.158889
E 0.100000 0.622778 0.182222 0.161111
L 0.752593 0.286667 0.041481 0.031111
L 0.512593 0.564444 0.029630 0.022222
