31 0.960852 0.385240 0.072802 0.065688
31 0.449176 0.341577 0.030220 0.017002
8 0.282280 0.270866 0.193681 0.122875
8 0.541209 0.596600 0.156593 0.071097
3 0.819368 0.854714 0.199176 0.112828
3 0.472527 0.289799 0.027473 0.015456
33 0.947802 0.900309 0.027473 0.015456
33 0.126374 0.499614 0.184066 0.057960
27 0.351648 0.976816 0.027473 0.015456
27 0.542582 0.760433 0.027473 0.015456
15 0.435440 0.281298 0.027473 0.015456
15 0.379121 0.849304 0.038462 0.021638
19 0.491758 0.712519 0.032967 0.018547
19 0.718407 0.088099 0.027473 0.015456
