N 0.178639 0.077221 0.070888 0.102257
N 0.798677 0.882934 0.013233 0.019746
A 0.815690 0.406911 0.009452 0.014104
A 0.845463 0.083921 0.013233 0.019746
Y 0.784972 0.233427 0.035917 0.101551
Y 0.476843 0.899859 0.009452 0.014104
8 0.311909 0.066996 0.062382 0.093089
8 0.396030 0.694640 0.011342 0.016925
U 0.397921 0.340621 0.084121 0.119887
U 0.767958 0.052186 0.009452 0.014104
P 0.621219 0.681594 0.050567 0.088152
P 0.439036 0.763752 0.009452 0.014104
7 0.919660 0.820874 0.077505 0.080395
7 0.643667 0.097320 0.011342 0.016925
G 0.533554 0.120592 0.062382 0.104372
G 0.022684 0.581100 0.012287 0.018336
Z 0.798204 0.783498 0.038752 0.043724
Z 0.687854 0.710155 0.042060 0.087447
2 0.122401 0.364598 0.012287 0.018336
2 0.924622 0.098025 0.068526 0.122708
