H 0.136364 0.395631 0.043636 0.058252
H 0.782727 0.382282 0.223636 0.293689
L 0.120000 0.757282 0.036364 0.048544
L 0.460000 0.684466 0.036364 0.048544
Q 0.610909 0.111650 0.050909 0.067961
Q 0.670909 0.067961 0.050909 0.067961
X 0.278182 0.766990 0.240000 0.315534
X 0.934545 0.652913 0.036364 0.048544
1 0.418182 0.932039 0.036364 0.048544
1 0.163636 0.456311 0.043636 0.058252
7 0.240000 0.565534 0.036364 0.048544
7 0.136364 0.135922 0.036364 0.048544
6 0.369091 0.313107 0.232727 0.412621
6 0.654545 0.905340 0.047273 0.063107
