U 0.883333 0.844523 0.233333 0.120141
U 0.309167 0.510012 0.248333 0.094229
7 0.377500 0.137809 0.111667 0.129564
7 0.808333 0.618375 0.033333 0.023557
W 0.457500 0.351001 0.191667 0.141343
W 0.858333 0.651355 0.033333 0.023557
J 0.635000 0.586572 0.046667 0.032980
J 0.705833 0.736160 0.188333 0.082450
F 0.125000 0.149588 0.033333 0.023557
F 0.666667 0.471731 0.186667 0.140165
H 0.291667 0.855713 0.206667 0.159011
H 0.351667 0.244994 0.033333 0.023557
T 0.829167 0.149588 0.151667 0.096584
T 0.215000 0.439340 0.043333 0.030624
6 0.323333 0.650177 0.170000 0.164900
6 0.570833 0.924617 0.221667 0.143698
Z 0.435000 0.630153 0.033333 0.023557
Z 0.141667 0.832744 0.033333 0.023557
