3 0.677198 0.714451 0.068681 0.113601
3 0.307005 0.170788 0.199176 0.075734
25 0.283654 0.727589 0.201923 0.133694
25 0.843407 0.518934 0.104396 0.099691
17 0.020604 0.591963 0.027473 0.015456
17 0.228709 0.863215 0.122253 0.044822
7 0.348901 0.286708 0.035714 0.020093
7 0.453984 0.956337 0.083791 0.053323
33 0.638736 0.088485 0.178571 0.101236
33 0.105769 0.233385 0.027473 0.015456
10 0.693681 0.949768 0.035714 0.020093
10 0.898352 0.445904 0.027473 0.015456
1 0.774725 0.267388 0.035714 0.020093
1 0.120879 0.873261 0.027473 0.015456
9 0.289148 0.413060 0.141484 0.059505
9 0.506868 0.420402 0.206044 0.095827
26 0.584478 0.219474 0.240385 0.112828
26 0.535714 0.014683 0.038462 0.021638
24 0.760302 0.851236 0.248626 0.146059
24 0.702610 0.548300 0.119505 0.081144
