T 0.829484 0.449389 0.123641 0.040082
T 0.758152 0.311141 0.027174 0.013587
2 0.202446 0.230299 0.027174 0.013587
2 0.275815 0.533967 0.070652 0.066576
S 0.044837 0.224864 0.038043 0.019022
S 0.160326 0.882133 0.122283 0.099864
B 0.918478 0.091712 0.027174 0.013587
B 0.820652 0.816576 0.160326 0.033967
M 0.524457 0.293818 0.157609 0.090353
M 0.698370 0.257473 0.038043 0.019022
C 0.066576 0.305027 0.125000 0.093750
C 0.167799 0.664402 0.177989 0.072011
J 0.621603 0.062500 0.210598 0.091033
J 0.510870 0.967391 0.027174 0.013587
L 0.129076 0.735054 0.035326 0.017663
L 0.629755 0.143682 0.123641 0.057745
H 0.324049 0.801291 0.186141 0.048234
H 0.322690 0.113111 0.145380 0.093071
4 0.672554 0.222486 0.144022 0.050951
4 0.245924 0.289062 0.125000 0.059103
