V 0.284667 0.835333 0.081333 0.094667
V 0.614667 0.517333 0.017333 0.017333
K 0.510667 0.681333 0.018667 0.018667
K 0.680667 0.383333 0.013333 0.013333
Z 0.280333 0.681000 0.068667 0.071333
Z 0.359000 0.067000 0.098000 0.046000
8 0.607333 0.294000 0.098667 0.074667
8 0.037000 0.234667 0.064667 0.078667
C 0.446000 0.279333 0.014667 0.014667
C 0.656667 0.560333 0.105333 0.066000
2 0.969000 0.865667 0.035333 0.078000
2 0.817333 0.763000 0.058667 0.094000
5 0.541333 0.135333 0.013333 0.013333
5 0.441000 0.804333 0.044667 0.079333
A 0.843333 0.361333 0.057333 0.066667
A 0.215333 0.399333 0.017333 0.017333
