N 0.679945 0.612442 0.217033 0.115147
N 0.496566 0.094281 0.179945 0.063369
P 0.289148 0.127125 0.152473 0.061051
P 0.434753 0.544436 0.108516 0.044049
X 0.524725 0.765070 0.027473 0.015456
X 0.869505 0.224498 0.164835 0.047141
C 0.464286 0.626739 0.035714 0.020093
C 0.287775 0.838099 0.179945 0.121329
3 0.487637 0.492272 0.032967 0.018547
3 0.920330 0.295981 0.129121 0.068006
8 0.408654 0.215997 0.075549 0.071870
8 0.871566 0.450541 0.171703 0.088099
H 0.089973 0.654946 0.146978 0.095054
H 0.423077 0.477589 0.027473 0.015456
E 0.519231 0.440495 0.027473 0.015456
E 0.157967 0.287481 0.035714 0.020093
