22 0.120000 0.674912 0.043333 0.030624
22 0.408333 0.316254 0.190000 0.109541
20 0.700000 0.338045 0.046667 0.032980
20 0.028333 0.141343 0.033333 0.023557
4 0.250000 0.506478 0.230000 0.160188
4 0.296667 0.906949 0.033333 0.023557
11 0.830000 0.586572 0.043333 0.030624
11 0.707500 0.783274 0.235000 0.157833
12 0.951667 0.853946 0.040000 0.028269
12 0.025000 0.831567 0.036667 0.025913
6 0.350833 0.758539 0.231667 0.164900
6 0.955000 0.558304 0.043333 0.030624
25 0.796667 0.249706 0.036667 0.025913
25 0.311667 0.385159 0.040000 0.028269
7 0.073333 0.878681 0.043333 0.030624
7 0.632500 0.453475 0.155000 0.131920
15 0.234167 0.160777 0.231667 0.135453
15 0.208333 0.613663 0.033333 0.023557
19 0.450833 0.154299 0.098333 0.134276
19 0.695000 0.603651 0.126667 0.109541
