P 0.783333 0.937037 0.078125 0.111111
P 0.576042 0.855556 0.013542 0.024074
N 0.785937 0.724537 0.058333 0.115741
N 0.130729 0.785185 0.012500 0.022222
X 0.202604 0.365278 0.042708 0.110185
X 0.541406 0.566667 0.065104 0.127778
0 0.339062 0.362963 0.012500 0.022222
0 0.946615 0.886111 0.066146 0.135185
E 0.356250 0.828704 0.010417 0.018519
E 0.061198 0.180556 0.046354 0.087037
A 0.933854 0.154630 0.014583 0.025926
A 0.168750 0.556481 0.011458 0.020370
7 0.395313 0.622685 0.056250 0.112037
7 0.298177 0.243519 0.050521 0.118519
