K 0.692500 0.097826 0.016667 0.031056
K 0.799167 0.574534 0.016667 0.031056
2 0.662500 0.725155 0.016667 0.031056
2 0.905833 0.756988 0.090000 0.172360
4 0.075000 0.190994 0.016667 0.031056
4 0.427500 0.170807 0.016667 0.031056
H 0.652500 0.144410 0.016667 0.031056
H 0.440417 0.470497 0.122500 0.152174
J 0.718750 0.587733 0.089167 0.246894
J 0.322500 0.186335 0.093333 0.229814
6 0.095000 0.827640 0.016667 0.031056
6 0.882917 0.615683 0.109167 0.104037
9 0.836667 0.381988 0.105000 0.229814
9 0.384167 0.774845 0.058333 0.220497
E 0.952500 0.254658 0.020000 0.037267
E 0.160833 0.307453 0.020000 0.037267
N 0.278750 0.566770 0.105833 0.204969
N 0.169167 0.153727 0.016667 0.031056
0 0.118750 0.709627 0.127500 0.173913
0 0.193333 0.767081 0.018333 0.034161
