L 0.314706 0.186441 0.090588 0.120527
L 0.184706 0.050847 0.023529 0.037665
F 0.384706 0.403013 0.023529 0.037665
F 0.288235 0.463277 0.065882 0.180791
Y 0.654118 0.280603 0.032941 0.052731
Y 0.254118 0.790960 0.094118 0.139360
Q 0.204706 0.664783 0.023529 0.037665
Q 0.803529 0.583804 0.028235 0.045198
R 0.756471 0.382298 0.032941 0.052731
R 0.555882 0.143126 0.144706 0.199623
4 0.834118 0.391714 0.023529 0.037665
4 0.721176 0.548023 0.063529 0.252354
7 0.858824 0.771186 0.152941 0.227872
7 0.502353 0.483051 0.176471 0.193974
B 0.118824 0.380414 0.225882 0.361582
B 0.947059 0.327684 0.030588 0.048964
0 0.220000 0.047081 0.023529 0.037665
0 0.935294 0.090395 0.032941 0.052731
E 0.672941 0.853107 0.032941 0.052731
E 0.357647 0.830508 0.023529 0.037665
