S 0.607500 0.498750 0.050556 0.112500
S 0.768333 0.616667 0.030000 0.085000
W 0.395000 0.422917 0.081111 0.055833
W 0.933333 0.785833 0.014444 0.021667
4 0.231944 0.737917 0.046111 0.054167
4 0.497778 0.341667 0.011111 0.016667
A 0.958333 0.210000 0.014444 0.021667
A 0.843889 0.331250 0.035556 0.067500
K 0.661111 0.225833 0.011111 0.016667
K 0.902500 0.083333 0.043889 0.116667
8 0.274444 0.230833 0.070000 0.088333
8 0.812778 0.807917 0.037778 0.092500
N 0.660278 0.747917 0.043889 0.080833
N 0.281111 0.530833 0.015556 0.023333
7 0.373889 0.982500 0.015556 0.023333
7 0.552500 0.860833 0.080556 0.073333
X 0.697500 0.112500 0.040556 0.101667
X 0.393056 0.901250 0.048333 0.060833
G 0.670000 0.074167 0.011111 0.016667
G 0.551111 0.448333 0.011111 0.016667
