18 0.407227 0.341797 0.236328 0.141927
18 0.041016 0.492188 0.042969 0.028646
0 0.766602 0.448568 0.103516 0.110677
0 0.259766 0.751302 0.050781 0.033854
19 0.663086 0.733073 0.173828 0.182292
19 0.624023 0.103516 0.173828 0.183594
8 0.232422 0.579427 0.222656 0.171875
8 0.308594 0.960938 0.054688 0.036458
20 0.631836 0.315104 0.146484 0.164062
20 0.285156 0.117188 0.050781 0.033854
32 0.082031 0.834635 0.050781 0.033854
32 0.740234 0.894531 0.039062 0.026042
2 0.894531 0.237630 0.199219 0.092448
24 0.039062 0.210938 0.039062 0.026042
24 0.945312 0.102865 0.054688 0.036458
26 0.535156 0.509766 0.257812 0.128906
26 0.568359 0.845052 0.046875 0.031250
