Z 0.826766 0.448709 0.129076 0.094429
Z 0.510870 0.273098 0.108696 0.051630
4 0.021739 0.173913 0.032609 0.016304
4 0.110054 0.323709 0.076087 0.060462
V 0.173913 0.497283 0.032609 0.016304
V 0.692935 0.107337 0.116848 0.048913
1 0.713315 0.251359 0.195652 0.081522
1 0.960598 0.348505 0.029891 0.014946
8 0.915761 0.487092 0.032609 0.016304
8 0.789402 0.360054 0.027174 0.013587
P 0.869565 0.389266 0.032609 0.016304
P 0.421875 0.074049 0.096467 0.048913
X 0.732337 0.378397 0.038043 0.019022
X 0.952446 0.731658 0.038043 0.019022
M 0.603261 0.078804 0.035326 0.017663
M 0.713315 0.892663 0.032609 0.016304
H 0.800272 0.831182 0.146739 0.065897
H 0.476223 0.226902 0.118207 0.039402
