R 0.162598 0.642969 0.153320 0.132812
R 0.988281 0.360156 0.019531 0.015625
M 0.266602 0.386719 0.025391 0.020313
M 0.386230 0.189844 0.135742 0.110938
U 0.704102 0.447656 0.023438 0.018750
U 0.291992 0.682813 0.085938 0.090625
L 0.059570 0.364844 0.021484 0.017188
L 0.717285 0.795703 0.116211 0.108594
V 0.187500 0.154688 0.025391 0.020313
V 0.815918 0.907031 0.073242 0.067187
G 0.253906 0.822266 0.162109 0.132031
G 0.618652 0.642578 0.071289 0.050781
5 0.579590 0.537891 0.143555 0.108594
5 0.821777 0.610938 0.114258 0.092188
F 0.444824 0.378516 0.088867 0.069531
F 0.545898 0.789062 0.097656 0.103125
