L 0.714667 0.161667 0.070667 0.070000
L 0.598667 0.582667 0.014667 0.014667
F 0.723333 0.048000 0.053333 0.084000
F 0.148667 0.058000 0.044000 0.049333
6 0.454667 0.944000 0.017333 0.017333
6 0.414333 0.852667 0.090000 0.058667
E 0.307667 0.057000 0.054000 0.100667
E 0.742333 0.695667 0.058000 0.042000
V 0.669333 0.900000 0.013333 0.013333
V 0.847333 0.782000 0.018667 0.018667
M 0.226000 0.473667 0.056000 0.098000
M 0.308667 0.876667 0.016000 0.016000
B 0.918667 0.132000 0.017333 0.017333
B 0.238667 0.130000 0.013333 0.013333
U 0.616000 0.172000 0.112000 0.090667
U 0.110000 0.241333 0.013333 0.013333
Q 0.762667 0.742000 0.013333 0.013333
Q 0.694000 0.314667 0.018667 0.018667
N 0.288000 0.944000 0.016000 0.016000
N 0.956667 0.710000 0.017333 0.017333
