S 0.029891 0.101902 0.027174 0.013587
S 0.862772 0.604620 0.029891 0.014946
Y 0.834239 0.034647 0.027174 0.013587
Y 0.353261 0.651495 0.035326 0.017663
4 0.229620 0.440217 0.184783 0.091033
4 0.315217 0.591033 0.027174 0.013587
W 0.631793 0.315217 0.027174 0.013587
W 0.353940 0.100543 0.148098 0.076087
V 0.658967 0.725204 0.127717 0.099864
V 0.137228 0.878397 0.138587 0.076087
J 0.264946 0.269701 0.027174 0.013587
J 0.830163 0.488451 0.035326 0.017663
B 0.235054 0.100543 0.035326 0.017663
B 0.653533 0.150815 0.027174 0.013587
