1 0.834500 0.554000 0.123000 0.064000
1 0.136000 0.563500 0.142000 0.089000
30 0.636000 0.544500 0.144000 0.145000
30 0.697500 0.359500 0.137000 0.091000
3 0.010000 0.296000 0.020000 0.020000
3 0.247000 0.924000 0.020000 0.020000
6 0.762000 0.177000 0.080000 0.066000
6 0.929000 0.189000 0.020000 0.020000
13 0.067000 0.277000 0.064000 0.056000
13 0.178000 0.386000 0.020000 0.020000
25 0.309000 0.758000 0.078000 0.052000
25 0.443500 0.100500 0.131000 0.083000
5 0.380500 0.668000 0.097000 0.102000
5 0.890000 0.755500 0.056000 0.051000
21 0.189000 0.017000 0.020000 0.020000
21 0.206000 0.399000 0.028000 0.028000
29 0.458000 0.337000 0.020000 0.020000
29 0.642000 0.914000 0.146000 0.140000
