J 0.631617 0.807619 0.184549 0.148571
J 0.440629 0.757143 0.120172 0.108571
P 0.812589 0.158095 0.028612 0.038095
P 0.118741 0.516190 0.037196 0.049524
Z 0.676681 0.325714 0.028612 0.038095
Z 0.050072 0.552381 0.034335 0.045714
H 0.410587 0.572381 0.191702 0.219048
H 0.432046 0.159048 0.145923 0.222857
G 0.070100 0.222857 0.037196 0.049524
G 0.874106 0.675238 0.206009 0.241905
N 0.213877 0.164762 0.187411 0.158095
N 0.447783 0.960000 0.034335 0.045714
F 0.562947 0.287619 0.104435 0.175238
F 0.527897 0.950476 0.034335 0.045714
4 0.473534 0.380952 0.028612 0.038095
4 0.107296 0.624762 0.031474 0.041905
M 0.803290 0.419048 0.147353 0.201905
M 0.158798 0.816190 0.257511 0.321905
