W 0.816406 0.623446 0.146484 0.209591
W 0.389648 0.412078 0.019531 0.035524
B 0.260742 0.905861 0.019531 0.035524
B 0.253906 0.335702 0.099609 0.230906
P 0.884766 0.127886 0.087891 0.252220
P 0.638672 0.545293 0.019531 0.035524
F 0.040039 0.657194 0.019531 0.035524
F 0.172852 0.914742 0.023438 0.042629
E 0.167969 0.554174 0.101562 0.159858
E 0.305664 0.914742 0.025391 0.046181
X 0.561523 0.872114 0.115234 0.103020
X 0.455078 0.422735 0.027344 0.049734
R 0.050781 0.074600 0.019531 0.035524
R 0.690430 0.678508 0.103516 0.134991
8 0.082520 0.335702 0.084961 0.191829
8 0.375000 0.587922 0.023438 0.042629
