B 0.900000 0.314488 0.096667 0.091873
B 0.281667 0.525324 0.166667 0.108363
3 0.515000 0.515901 0.146667 0.171967
3 0.816667 0.673734 0.033333 0.023557
D 0.523333 0.378092 0.033333 0.023557
D 0.859167 0.568316 0.218333 0.144876
W 0.593333 0.712603 0.183333 0.096584
W 0.595000 0.133098 0.153333 0.160188
G 0.392500 0.091284 0.211667 0.173145
G 0.810000 0.424028 0.043333 0.030624
8 0.895000 0.096584 0.033333 0.023557
8 0.741667 0.373969 0.090000 0.166078
0 0.154167 0.346290 0.188333 0.148410
0 0.088333 0.014134 0.033333 0.023557
M 0.483333 0.861013 0.140000 0.087161
M 0.811667 0.289753 0.036667 0.025913
