B 0.576667 0.215548 0.043333 0.030624
B 0.376667 0.808009 0.033333 0.023557
J 0.958333 0.193168 0.033333 0.023557
J 0.815000 0.659011 0.220000 0.109541
U 0.041667 0.863369 0.083333 0.134276
U 0.765000 0.471731 0.123333 0.168433
C 0.776667 0.266196 0.040000 0.028269
C 0.325000 0.739694 0.033333 0.023557
X 0.373333 0.518257 0.033333 0.023557
X 0.437500 0.142521 0.231667 0.120141
5 0.583333 0.985866 0.033333 0.023557
5 0.581667 0.948174 0.033333 0.023557
W 0.249167 0.886337 0.238333 0.107185
W 0.651667 0.494700 0.036667 0.025913
1 0.895000 0.332155 0.046667 0.032980
1 0.244167 0.516490 0.218333 0.196702
