20 0.160000 0.781596 0.120000 0.146341
20 0.082500 0.486696 0.023333 0.031042
26 0.774167 0.778271 0.021667 0.028825
26 0.849583 0.208426 0.059167 0.119734
2 0.365833 0.687361 0.023333 0.031042
2 0.338333 0.961197 0.041667 0.059867
29 0.065000 0.687361 0.016667 0.022173
29 0.430833 0.264967 0.016667 0.022173
6 0.135833 0.096452 0.016667 0.022173
6 0.449167 0.432927 0.126667 0.147450
13 0.751667 0.070953 0.021667 0.028825
13 0.802500 0.394678 0.023333 0.031042
23 0.342500 0.821508 0.023333 0.031042
23 0.763333 0.522173 0.020000 0.026608
31 0.800000 0.348115 0.016667 0.022173
31 0.589167 0.691242 0.070000 0.127494
7 0.591250 0.304324 0.115833 0.180710
7 0.206667 0.221729 0.016667 0.022173
