18 0.815920 0.613546 0.099502 0.079681
18 0.940299 0.091633 0.099502 0.079681
29 0.213930 0.896414 0.099502 0.079681
29 0.134328 0.733068 0.099502 0.079681
10 0.636816 0.326693 0.129353 0.103586
10 0.592040 0.655378 0.258706 0.434263
15 0.497512 0.047809 0.099502 0.079681
26 0.572139 0.227092 0.109453 0.087649
26 0.273632 0.693227 0.139303 0.111554
0 0.271144 0.402390 0.363184 0.406375
7 0.850746 0.792829 0.109453 0.087649
7 0.119403 0.812749 0.099502 0.079681
5 0.840796 0.470120 0.099502 0.079681
