15 0.822222 0.414815 0.051852 0.051852
15 0.077778 0.966667 0.037037 0.037037
28 0.824074 0.040741 0.037037 0.037037
28 0.167593 0.776852 0.164815 0.198148
23 0.329630 0.163889 0.200000 0.157407
23 0.546296 0.931481 0.044444 0.044444
27 0.490741 0.214815 0.048148 0.048148
27 0.404630 0.554630 0.116667 0.124074
2 0.189815 0.485185 0.116667 0.207407
2 0.688889 0.546296 0.037037 0.037037
3 0.051852 0.085185 0.037037 0.037037
3 0.825926 0.164815 0.048148 0.048148
18 0.798148 0.757407 0.044444 0.044444
18 0.642593 0.122222 0.240741 0.144444
5 0.911111 0.437037 0.051852 0.051852
5 0.083333 0.594444 0.048148 0.048148
29 0.748148 0.288889 0.037037 0.037037
29 0.532407 0.737037 0.238889 0.192593
7 0.575926 0.594444 0.051852 0.051852
7 0.198148 0.638889 0.037037 0.037037
