0 0.704000 0.355000 0.020000 0.020000
0 0.195000 0.156000 0.020000 0.020000
B 0.670000 0.135000 0.026000 0.026000
B 0.602000 0.149000 0.022000 0.022000
2 0.161000 0.573000 0.022000 0.022000
2 0.272000 0.044000 0.084000 0.072000
1 0.397500 0.485000 0.113000 0.120000
1 0.229500 0.690000 0.117000 0.088000
7 0.204000 0.826000 0.020000 0.020000
7 0.863000 0.285500 0.122000 0.093000
T 0.663000 0.807000 0.020000 0.020000
T 0.843000 0.164500 0.160000 0.099000
F 0.446000 0.660500 0.162000 0.123000
F 0.616000 0.504000 0.158000 0.144000
K 0.269000 0.435000 0.134000 0.150000
K 0.920500 0.589000 0.111000 0.128000
