R 0.236328 0.623047 0.253906 0.162760
R 0.404297 0.391927 0.050781 0.033854
D 0.765625 0.963542 0.042969 0.028646
D 0.353516 0.375000 0.039062 0.026042
7 0.383789 0.871094 0.283203 0.151042
7 0.573242 0.641927 0.197266 0.070312
W 0.490234 0.488281 0.050781 0.033854
W 0.699219 0.350260 0.046875 0.031250
F 0.074219 0.527344 0.054688 0.036458
F 0.164062 0.803385 0.054688 0.036458
J 0.324219 0.130208 0.300781 0.143229
J 0.949219 0.513021 0.039062 0.026042
H 0.082031 0.882812 0.039062 0.026042
H 0.762695 0.805990 0.177734 0.151042
E 0.304688 0.472656 0.046875 0.031250
E 0.184570 0.332031 0.205078 0.192708
V 0.728516 0.070312 0.207031 0.135417
