24 0.935622 0.080000 0.028612 0.038095
24 0.386266 0.761905 0.028612 0.038095
0 0.947067 0.196190 0.028612 0.038095
0 0.287554 0.620000 0.188841 0.230476
17 0.653791 0.182857 0.028612 0.038095
17 0.741774 0.800952 0.158798 0.268571
25 0.155937 0.278095 0.203147 0.186667
25 0.496423 0.337143 0.148784 0.220952
1 0.620887 0.853333 0.028612 0.038095
1 0.682403 0.196190 0.028612 0.038095
30 0.257511 0.822857 0.125894 0.156190
30 0.885551 0.694286 0.111588 0.100952
6 0.789700 0.396190 0.028612 0.038095
6 0.511445 0.672381 0.193133 0.243810
10 0.088698 0.666667 0.028612 0.038095
10 0.885551 0.526667 0.206009 0.219048
29 0.512876 0.127619 0.130186 0.114286
32 0.094421 0.822857 0.154506 0.232381
