4 0.386667 0.840000 0.088889 0.088889
4 0.208889 0.511111 0.088889 0.088889
22 0.677778 0.537778 0.466667 0.400000
22 0.320000 0.280000 0.124444 0.124444
6 0.102222 0.577778 0.124444 0.124444
6 0.835556 0.871111 0.088889 0.088889
1 0.755556 0.120000 0.115556 0.115556
30 0.871111 0.266667 0.097778 0.097778
30 0.600000 0.813333 0.115556 0.115556
7 0.280000 0.693333 0.124444 0.124444
8 0.186667 0.044444 0.088889 0.088889
31 0.333333 0.066667 0.106667 0.106667
31 0.626667 0.075556 0.124444 0.124444
25 0.440000 0.115556 0.088889 0.088889
