T 0.229167 0.454167 0.027778 0.041667
T 0.316667 0.904167 0.102778 0.150000
M 0.568056 0.679167 0.036111 0.054167
M 0.159722 0.039583 0.030556 0.045833
G 0.820139 0.554167 0.131944 0.150000
G 0.836111 0.347917 0.033333 0.050000
U 0.600694 0.457292 0.195833 0.193750
U 0.102778 0.537500 0.158333 0.258333
L 0.504861 0.128125 0.126389 0.214583
L 0.358333 0.143750 0.072222 0.283333
B 0.372917 0.565625 0.193056 0.339583
B 0.703472 0.201042 0.231944 0.302083
2 0.115278 0.830208 0.183333 0.318750
2 0.850000 0.952083 0.027778 0.041667
