U 0.191406 0.214063 0.019531 0.015625
U 0.586914 0.533594 0.019531 0.015625
X 0.657227 0.354688 0.019531 0.015625
X 0.690918 0.724609 0.100586 0.061719
0 0.861328 0.792188 0.019531 0.015625
0 0.520508 0.235547 0.132812 0.072656
A 0.727539 0.444531 0.021484 0.017188
A 0.904785 0.896094 0.090820 0.042188
V 0.126465 0.314844 0.096680 0.101562
V 0.399414 0.185156 0.023438 0.018750
W 0.856445 0.557031 0.019531 0.015625
W 0.037598 0.918750 0.063477 0.087500
N 0.769531 0.838281 0.019531 0.015625
N 0.436523 0.896484 0.119141 0.052344
