8 0.777778 0.315556 0.088889 0.088889
8 0.422222 0.655556 0.613333 0.653333
D 0.955556 0.626667 0.088889 0.088889
D 0.115556 0.088889 0.088889 0.088889
1 0.542222 0.231111 0.097778 0.097778
L 0.866667 0.075556 0.088889 0.088889
6 0.253333 0.253333 0.097778 0.097778
K 0.822222 0.462222 0.115556 0.115556
K 0.724444 0.155556 0.124444 0.124444
T 0.386667 0.160000 0.088889 0.088889
T 0.866667 0.888889 0.106667 0.106667
C 0.075556 0.200000 0.106667 0.106667
C 0.204444 0.062222 0.088889 0.088889
U 0.791111 0.635556 0.097778 0.097778
U 0.942222 0.177778 0.106667 0.106667
M 0.066667 0.426667 0.088889 0.088889
M 0.920000 0.342222 0.115556 0.115556
