29 0.475556 0.884444 0.088889 0.088889
29 0.806667 0.366667 0.253333 0.520000
11 0.822222 0.693333 0.124444 0.124444
11 0.371111 0.335556 0.431111 0.226667
1 0.182222 0.751111 0.088889 0.088889
4 0.626667 0.888889 0.106667 0.106667
28 0.613333 0.648889 0.088889 0.088889
28 0.342222 0.151111 0.106667 0.106667
20 0.297778 0.835556 0.124444 0.124444
20 0.595556 0.137778 0.106667 0.106667
22 0.493333 0.782222 0.097778 0.097778
13 0.160000 0.093333 0.106667 0.106667
13 0.346667 0.555556 0.106667 0.106667
21 0.111111 0.484444 0.088889 0.088889
21 0.906667 0.875556 0.088889 0.088889
