5 0.283582 0.597610 0.139303 0.111554
5 0.447761 0.378486 0.099502 0.079681
Y 0.626866 0.844622 0.437811 0.254980
C 0.920398 0.454183 0.099502 0.079681
C 0.430348 0.177291 0.651741 0.290837
4 0.422886 0.629482 0.099502 0.079681
U 0.487562 0.478088 0.129353 0.103586
3 0.074627 0.601594 0.129353 0.103586
3 0.870647 0.326693 0.099502 0.079681
P 0.164179 0.812749 0.099502 0.079681
L 0.796020 0.609562 0.129353 0.103586
L 0.139303 0.418327 0.119403 0.095618
G 0.890547 0.111554 0.129353 0.103586
M 0.273632 0.402390 0.099502 0.079681
M 0.746269 0.370518 0.099502 0.079681
