4 0.593333 0.180212 0.246667 0.157833
4 0.238333 0.614841 0.033333 0.023557
D 0.317500 0.331567 0.198333 0.100118
D 0.098333 0.259128 0.033333 0.023557
B 0.410000 0.228504 0.036667 0.025913
B 0.250000 0.127208 0.153333 0.127208
S 0.360833 0.854535 0.131667 0.114252
S 0.715833 0.336867 0.238333 0.096584
A 0.825000 0.592462 0.220000 0.089517
A 0.405000 0.266196 0.036667 0.025913
X 0.780833 0.810954 0.128333 0.149588
X 0.373333 0.104829 0.033333 0.023557
U 0.063333 0.846879 0.033333 0.023557
U 0.260000 0.875147 0.046667 0.032980
7 0.306667 0.676090 0.033333 0.023557
7 0.390000 0.558893 0.133333 0.118963
