1 0.345833 0.558333 0.102778 0.250000
1 0.350000 0.829167 0.027778 0.041667
7 0.658333 0.493750 0.036111 0.054167
7 0.251389 0.545833 0.038889 0.058333
8 0.534722 0.362500 0.036111 0.054167
8 0.654861 0.779167 0.226389 0.337500
3 0.269444 0.664583 0.027778 0.041667
3 0.161111 0.710417 0.038889 0.058333
W 0.519444 0.045833 0.027778 0.041667
W 0.420833 0.545833 0.030556 0.045833
X 0.131250 0.822917 0.131944 0.104167
X 0.400000 0.327083 0.111111 0.170833
0 0.122917 0.138542 0.220833 0.231250
0 0.673611 0.151042 0.188889 0.214583
H 0.857639 0.642708 0.129167 0.260417
H 0.751389 0.325000 0.036111 0.054167
Q 0.155556 0.504167 0.133333 0.270833
Q 0.415278 0.941667 0.033333 0.050000
Y 0.309722 0.866667 0.027778 0.041667
Y 0.476389 0.118750 0.030556 0.045833
