N 0.200000 0.296000 0.028000 0.028000
N 0.650000 0.575500 0.080000 0.085000
A 0.475000 0.183000 0.024000 0.024000
A 0.140000 0.577000 0.020000 0.020000
E 0.786000 0.696000 0.100000 0.092000
E 0.381000 0.210000 0.022000 0.022000
4 0.923500 0.510000 0.119000 0.052000
4 0.375000 0.332000 0.022000 0.022000
Z 0.466000 0.070000 0.020000 0.020000
Z 0.236000 0.875000 0.020000 0.020000
V 0.471000 0.724000 0.088000 0.148000
V 0.689000 0.100000 0.052000 0.120000
T 0.876000 0.615000 0.064000 0.142000
T 0.266000 0.063000 0.022000 0.022000
3 0.542000 0.279000 0.026000 0.026000
3 0.104000 0.919000 0.082000 0.148000
