E 0.723214 0.127512 0.179945 0.111283
E 0.078297 0.948223 0.035714 0.020093
6 0.442308 0.614374 0.035714 0.020093
6 0.368132 0.289413 0.123626 0.068779
V 0.771291 0.279753 0.196429 0.088099
V 0.855769 0.966770 0.027473 0.015456
1 0.479396 0.410355 0.035714 0.020093
1 0.425824 0.855100 0.087912 0.061051
2 0.396978 0.112056 0.148352 0.098918
2 0.765110 0.948995 0.115385 0.068006
Y 0.208791 0.411128 0.027473 0.015456
Y 0.807692 0.773184 0.104396 0.090417
X 0.531593 0.323802 0.027473 0.015456
X 0.923077 0.782071 0.109890 0.078825
K 0.509615 0.429675 0.027473 0.015456
K 0.916896 0.629830 0.078297 0.077280
4 0.460165 0.286708 0.032967 0.018547
4 0.164148 0.465611 0.111264 0.048686
