11 0.600098 0.274902 0.165039 0.124023
11 0.488281 0.231445 0.021484 0.021484
19 0.369141 0.164062 0.019531 0.019531
19 0.271973 0.082031 0.102539 0.087891
21 0.474121 0.828613 0.137695 0.098633
21 0.829102 0.892090 0.160156 0.139648
15 0.658203 0.092773 0.027344 0.027344
15 0.764160 0.508789 0.067383 0.142578
24 0.319336 0.672852 0.027344 0.027344
24 0.133789 0.085938 0.019531 0.019531
14 0.086914 0.180664 0.019531 0.019531
14 0.061523 0.692383 0.019531 0.019531
32 0.900391 0.583984 0.019531 0.019531
32 0.588867 0.930664 0.019531 0.019531
