23 0.109028 0.185417 0.134722 0.200000
23 0.615278 0.443750 0.227778 0.254167
32 0.612500 0.635417 0.027778 0.041667
32 0.815972 0.285417 0.093056 0.283333
24 0.379167 0.589583 0.030556 0.045833
24 0.429167 0.647917 0.027778 0.041667
19 0.043056 0.558333 0.030556 0.045833
19 0.786111 0.808333 0.027778 0.041667
11 0.943056 0.668750 0.100000 0.254167
11 0.695833 0.143750 0.027778 0.041667
0 0.389583 0.841667 0.143056 0.200000
0 0.485417 0.121875 0.165278 0.172917
13 0.684722 0.964583 0.033333 0.050000
13 0.184722 0.735417 0.036111 0.054167
