2 0.513184 0.128319 0.089844 0.129794
2 0.683105 0.654867 0.074219 0.079646
E 0.390625 0.267699 0.012695 0.019174
E 0.772949 0.185841 0.011719 0.017699
W 0.448242 0.429941 0.009766 0.014749
W 0.763672 0.656342 0.013672 0.020649
P 0.647949 0.268437 0.009766 0.014749
P 0.020508 0.350295 0.009766 0.014749
X 0.327148 0.668879 0.011719 0.017699
X 0.728027 0.290192 0.043945 0.053835
6 0.409180 0.966814 0.012695 0.019174
6 0.699707 0.447640 0.009766 0.014749
H 0.546875 0.922566 0.012695 0.019174
H 0.025879 0.688791 0.046875 0.058997
