H 0.296667 0.600833 0.013333 0.020000
H 0.710278 0.286250 0.030556 0.120833
P 0.303333 0.043333 0.011111 0.016667
P 0.037222 0.857917 0.055556 0.104167
A 0.907500 0.412500 0.042778 0.055000
A 0.894167 0.815000 0.058333 0.093333
U 0.627778 0.872500 0.014444 0.021667
U 0.779167 0.385000 0.067222 0.098333
8 0.878889 0.723333 0.013333 0.020000
8 0.673333 0.935417 0.058889 0.094167
4 0.338333 0.784583 0.052222 0.087500
4 0.589444 0.675000 0.011111 0.016667
7 0.211667 0.025833 0.013333 0.020000
7 0.515278 0.665833 0.102778 0.156667
5 0.282500 0.476667 0.055000 0.116667
5 0.550556 0.162500 0.013333 0.020000
