U 0.296667 0.717295 0.121667 0.166297
U 0.718750 0.455654 0.090833 0.155211
X 0.420833 0.471175 0.018333 0.024390
X 0.066667 0.126386 0.016667 0.022173
G 0.575833 0.240576 0.096667 0.152993
G 0.778333 0.128603 0.016667 0.022173
1 0.734167 0.825942 0.016667 0.022173
1 0.888333 0.856984 0.016667 0.022173
8 0.700833 0.064302 0.016667 0.022173
8 0.754167 0.019956 0.016667 0.022173
F 0.203333 0.082040 0.016667 0.022173
F 0.019167 0.896896 0.023333 0.031042
V 0.271667 0.042129 0.023333 0.031042
V 0.357500 0.458426 0.075000 0.107539
E 0.723333 0.018847 0.016667 0.022173
E 0.891250 0.202328 0.079167 0.105322
