V 0.350000 0.693227 0.100000 0.079681
V 0.660000 0.446215 0.140000 0.111554
F 0.610000 0.908367 0.140000 0.111554
2 0.915000 0.717131 0.120000 0.095618
2 0.315000 0.346614 0.420000 0.462151
0 0.100000 0.816733 0.100000 0.079681
0 0.855000 0.908367 0.100000 0.079681
6 0.650000 0.593625 0.100000 0.079681
P 0.715000 0.175299 0.100000 0.079681
P 0.845000 0.474104 0.130000 0.103586
X 0.285000 0.043825 0.100000 0.079681
X 0.840000 0.159363 0.140000 0.111554
U 0.740000 0.904382 0.100000 0.079681
U 0.690000 0.322709 0.140000 0.111554
