T 0.483333 0.800000 0.037037 0.037037
T 0.822222 0.537037 0.037037 0.037037
E 0.136111 0.699074 0.253704 0.287037
E 0.305556 0.261111 0.048148 0.048148
3 0.881481 0.483333 0.044444 0.044444
3 0.659259 0.887037 0.051852 0.051852
U 0.477778 0.412037 0.170370 0.242593
U 0.138889 0.089815 0.274074 0.105556
M 0.816667 0.468519 0.037037 0.037037
M 0.913889 0.847222 0.164815 0.157407
Z 0.575926 0.864815 0.037037 0.037037
Z 0.837037 0.357407 0.159259 0.181481
J 0.615741 0.123148 0.209259 0.205556
J 0.712037 0.709259 0.198148 0.248148
P 0.368519 0.175000 0.177778 0.120370
X 0.503704 0.707407 0.040741 0.040741
X 0.496296 0.857407 0.037037 0.037037
0 0.964815 0.514815 0.037037 0.037037
0 0.128704 0.405556 0.209259 0.262963
