U 0.785937 0.896296 0.010417 0.018519
U 0.580208 0.578704 0.030208 0.053704
P 0.630208 0.723148 0.011458 0.020370
P 0.810156 0.707407 0.043229 0.105556
H 0.810677 0.948611 0.047396 0.073148
H 0.585938 0.463889 0.012500 0.022222
4 0.110156 0.909722 0.041146 0.091667
4 0.486458 0.576852 0.061458 0.153704
6 0.148958 0.973148 0.010417 0.018519
6 0.609896 0.077778 0.010417 0.018519
K 0.663542 0.608333 0.010417 0.018519
K 0.055208 0.652778 0.010417 0.018519
0 0.215625 0.815741 0.037500 0.066667
0 0.429427 0.916667 0.039062 0.098148
3 0.771354 0.023148 0.010417 0.018519
3 0.906250 0.213889 0.010417 0.018519
R 0.256771 0.927315 0.066667 0.078704
R 0.920833 0.624074 0.010417 0.018519
