X 0.304006 0.581905 0.155937 0.203810
X 0.874106 0.200000 0.134478 0.232381
Q 0.291130 0.165714 0.121602 0.278095
Q 0.679542 0.409524 0.028612 0.038095
B 0.541488 0.440952 0.213162 0.245714
B 0.093705 0.215238 0.187411 0.270476
R 0.964235 0.476190 0.034335 0.045714
R 0.032904 0.668571 0.028612 0.038095
6 0.871245 0.660952 0.028612 0.038095
6 0.809728 0.525714 0.028612 0.038095
T 0.173104 0.678095 0.037196 0.049524
T 0.721030 0.888571 0.197425 0.165714
V 0.620887 0.638095 0.028612 0.038095
V 0.473534 0.159048 0.145923 0.280000
2 0.403433 0.838095 0.194564 0.266667
2 0.782546 0.779048 0.028612 0.038095
