1 0.806152 0.525714 0.118741 0.220952
1 0.187411 0.919048 0.148784 0.123810
8 0.483548 0.217143 0.131617 0.190476
8 0.412017 0.802857 0.246066 0.306667
G 0.722461 0.851429 0.137339 0.198095
G 0.644492 0.229524 0.095851 0.139048
S 0.195279 0.295238 0.195994 0.278095
S 0.942775 0.205714 0.028612 0.038095
F 0.579399 0.464762 0.028612 0.038095
F 0.467811 0.519048 0.137339 0.161905
T 0.178112 0.680952 0.207439 0.146667
T 0.625179 0.360000 0.028612 0.038095
P 0.616595 0.487619 0.034335 0.045714
P 0.801860 0.173333 0.207439 0.327619
A 0.895565 0.786667 0.171674 0.240000
K 0.196710 0.520952 0.210300 0.120000
