B 0.523739 0.248889 0.442136 0.142222
B 0.857567 0.022222 0.059347 0.044444
2 0.264095 0.764444 0.083086 0.062222
2 0.910979 0.262222 0.059347 0.044444
4 0.526706 0.595556 0.370920 0.271111
4 0.231454 0.893333 0.290801 0.168889
L 0.062315 0.406667 0.059347 0.044444
L 0.746291 0.853333 0.317507 0.244444
9 0.949555 0.444444 0.059347 0.044444
9 0.908012 0.673333 0.071217 0.053333
G 0.237389 0.497778 0.065282 0.048889
G 0.477745 0.093333 0.059347 0.044444
D 0.189911 0.035556 0.059347 0.044444
D 0.780415 0.242222 0.071217 0.053333
