3 0.644167 0.953750 0.034167 0.065000
3 0.027917 0.807188 0.045833 0.098125
12 0.921667 0.106875 0.064167 0.108750
12 0.770625 0.157188 0.022083 0.061875
4 0.502917 0.161250 0.054167 0.067500
4 0.897917 0.690000 0.051667 0.041250
13 0.611667 0.343125 0.008333 0.012500
13 0.984583 0.326875 0.011667 0.017500
31 0.539583 0.540625 0.010000 0.015000
31 0.656458 0.455313 0.046250 0.069375
15 0.486667 0.768437 0.040833 0.086875
15 0.972917 0.185000 0.008333 0.012500
24 0.332500 0.201875 0.057500 0.068750
24 0.700000 0.101562 0.026667 0.063125
16 0.643542 0.215625 0.037917 0.091250
16 0.213333 0.380000 0.008333 0.012500
