3 0.595847 0.705036 0.044728 0.067146
3 0.297125 0.270983 0.031949 0.047962
14 0.670927 0.179856 0.271565 0.330935
14 0.579872 0.489209 0.031949 0.047962
1 0.453674 0.833333 0.220447 0.318945
1 0.166134 0.609113 0.035144 0.052758
28 0.832268 0.598321 0.153355 0.381295
28 0.244409 0.637890 0.041534 0.062350
29 0.158147 0.823741 0.127796 0.309353
29 0.402556 0.172662 0.182109 0.134293
0 0.672524 0.607914 0.099042 0.237410
0 0.882588 0.215827 0.142173 0.369305
32 0.128594 0.129496 0.234824 0.220624
32 0.357029 0.460432 0.110224 0.177458
19 0.170927 0.485612 0.150160 0.141487
19 0.699681 0.424460 0.031949 0.047962
8 0.407348 0.275779 0.038339 0.057554
