S 0.298237 0.227038 0.147894 0.164295
S 0.775710 0.344761 0.078355 0.117723
Y 0.430950 0.693402 0.019589 0.025873
Y 0.054848 0.891979 0.070519 0.122898
Z 0.210578 0.468305 0.019589 0.025873
Z 0.482860 0.075679 0.052889 0.115136
U 0.819785 0.554981 0.023506 0.031048
U 0.417238 0.047865 0.019589 0.025873
W 0.412341 0.780078 0.019589 0.025873
W 0.780118 0.533635 0.053869 0.068564
1 0.167483 0.579560 0.099902 0.124191
1 0.386876 0.195343 0.027424 0.036223
B 0.202253 0.796248 0.102840 0.143596
B 0.224290 0.962484 0.019589 0.025873
H 0.649363 0.659767 0.127326 0.201811
H 0.496572 0.905563 0.019589 0.025873
G 0.769344 0.637775 0.091087 0.119017
G 0.866797 0.452781 0.133203 0.069858
