28 0.100000 0.697211 0.130000 0.103586
28 0.860000 0.278884 0.110000 0.087649
23 0.567500 0.619522 0.785000 0.585657
19 0.885000 0.083665 0.130000 0.103586
19 0.110000 0.948207 0.100000 0.079681
0 0.260000 0.247012 0.130000 0.103586
10 0.375000 0.039841 0.100000 0.079681
10 0.225000 0.099602 0.110000 0.087649
12 0.350000 0.139442 0.130000 0.103586
15 0.600000 0.286853 0.100000 0.079681
15 0.075000 0.804781 0.140000 0.111554
20 0.730000 0.191235 0.120000 0.095618
6 0.100000 0.462151 0.110000 0.087649
6 0.090000 0.593625 0.100000 0.079681
