Q 0.160677 0.590219 0.042283 0.033727
Q 0.892178 0.706577 0.059197 0.047218
C 0.737844 0.094435 0.059197 0.047218
C 0.324524 0.645868 0.192389 0.239460
X 0.742072 0.470489 0.054968 0.043845
X 0.712474 0.228499 0.194503 0.092749
P 0.145877 0.887858 0.215645 0.190556
P 0.881607 0.902192 0.046512 0.037099
J 0.438689 0.134907 0.264271 0.188870
J 0.634249 0.033727 0.042283 0.033727
G 0.862579 0.974705 0.054968 0.043845
G 0.596195 0.680438 0.118393 0.237774
M 0.361522 0.286678 0.042283 0.033727
M 0.065539 0.290051 0.059197 0.047218
9 0.556025 0.391231 0.317125 0.192243
9 0.133192 0.387858 0.262156 0.114671
