B 0.303529 0.111111 0.023529 0.037665
B 0.235294 0.091337 0.075294 0.182674
E 0.463529 0.446328 0.023529 0.037665
E 0.032941 0.508475 0.023529 0.037665
X 0.837059 0.728814 0.165882 0.218456
X 0.720588 0.297552 0.208235 0.346516
M 0.291765 0.506591 0.115294 0.274953
M 0.700000 0.681733 0.023529 0.037665
5 0.988235 0.719397 0.023529 0.037665
5 0.395882 0.256121 0.140000 0.161959
V 0.524706 0.844633 0.174118 0.227872
V 0.390588 0.412429 0.028235 0.045198
4 0.716471 0.845574 0.023529 0.037665
4 0.180000 0.641243 0.082353 0.137476
