S 0.401367 0.150000 0.019531 0.015625
S 0.778320 0.991406 0.021484 0.017188
H 0.693359 0.784375 0.019531 0.015625
H 0.545898 0.882031 0.019531 0.015625
4 0.704102 0.542578 0.136719 0.119531
4 0.367676 0.367578 0.106445 0.069531
6 0.521484 0.612500 0.027344 0.021875
6 0.257812 0.583594 0.019531 0.015625
8 0.863281 0.492969 0.021484 0.017188
8 0.307129 0.834766 0.129883 0.091406
J 0.557617 0.190625 0.023438 0.018750
J 0.107422 0.490234 0.099609 0.105469
Z 0.959961 0.892188 0.019531 0.015625
Z 0.785156 0.346875 0.027344 0.021875
