H 0.020604 0.809119 0.038462 0.021638
H 0.201923 0.392195 0.200549 0.113601
A 0.141484 0.885626 0.030220 0.017002
A 0.421703 0.442040 0.030220 0.017002
Z 0.675137 0.940495 0.182692 0.046368
Z 0.458104 0.214451 0.152473 0.071870
D 0.482143 0.752705 0.035714 0.020093
D 0.230082 0.663833 0.204670 0.085008
8 0.594780 0.622102 0.027473 0.015456
8 0.143544 0.490726 0.097527 0.081917
F 0.361264 0.872488 0.200549 0.123648
F 0.905220 0.809892 0.134615 0.043277
M 0.678571 0.346986 0.032967 0.018547
M 0.850275 0.255796 0.032967 0.018547
