1 0.257292 0.266667 0.013542 0.024074
1 0.528125 0.772222 0.010417 0.018519
19 0.302604 0.793519 0.011458 0.020370
19 0.703906 0.168056 0.042188 0.113889
25 0.593750 0.397685 0.032292 0.128704
25 0.046354 0.237037 0.011458 0.020370
0 0.671875 0.529630 0.064583 0.051852
0 0.009375 0.907407 0.013542 0.024074
18 0.089323 0.856019 0.061979 0.128704
18 0.359635 0.136574 0.074479 0.113889
4 0.763021 0.411111 0.010417 0.018519
4 0.947917 0.191667 0.010417 0.018519
14 0.410677 0.557407 0.056771 0.050000
14 0.408854 0.250926 0.010417 0.018519
3 0.060417 0.254630 0.012500 0.022222
3 0.426042 0.126389 0.044792 0.119444
2 0.018750 0.644444 0.010417 0.018519
2 0.318229 0.368981 0.061458 0.062037
