Z 0.362476 0.387870 0.010397 0.015515
Z 0.449669 0.936883 0.060019 0.064175
X 0.309546 0.108604 0.012287 0.018336
X 0.893667 0.359661 0.009452 0.014104
J 0.080813 0.531382 0.051040 0.098025
J 0.335539 0.631171 0.009452 0.014104
M 0.387051 0.235190 0.062382 0.107898
M 0.821834 0.538082 0.009452 0.014104
K 0.873110 0.229549 0.060019 0.075458
K 0.068289 0.887518 0.056238 0.062764
8 0.235350 0.654795 0.063327 0.038787
8 0.870983 0.568406 0.009452 0.014104
Q 0.903592 0.779267 0.011342 0.016925
Q 0.330340 0.535966 0.013233 0.019746
R 0.191635 0.495416 0.073251 0.122003
R 0.776465 0.705571 0.032136 0.076869
F 0.251418 0.796192 0.009452 0.014104
F 0.960539 0.640691 0.067580 0.059944
