N 0.664583 0.823958 0.212500 0.285417
N 0.258333 0.179167 0.038889 0.058333
Y 0.722222 0.635417 0.030556 0.045833
Y 0.522222 0.242708 0.108333 0.243750
F 0.214583 0.600000 0.240278 0.345833
F 0.255556 0.056250 0.036111 0.054167
S 0.776389 0.516667 0.027778 0.041667
S 0.383333 0.560417 0.027778 0.041667
C 0.875000 0.285417 0.122222 0.191667
C 0.438194 0.852083 0.198611 0.279167
J 0.093056 0.341667 0.183333 0.170833
J 0.619444 0.022917 0.027778 0.041667
H 0.666667 0.206250 0.036111 0.054167
H 0.840972 0.451042 0.073611 0.139583
