30 0.788889 0.462222 0.386667 0.542222
30 0.408889 0.293333 0.088889 0.088889
3 0.813333 0.924444 0.088889 0.088889
3 0.357778 0.600000 0.431111 0.408889
25 0.582222 0.071111 0.106667 0.106667
10 0.057778 0.048889 0.088889 0.088889
29 0.177778 0.288889 0.088889 0.088889
29 0.302222 0.195556 0.124444 0.124444
26 0.106667 0.920000 0.088889 0.088889
4 0.075556 0.631111 0.115556 0.115556
4 0.928889 0.880000 0.088889 0.088889
2 0.826667 0.831111 0.088889 0.088889
11 0.088889 0.168889 0.088889 0.088889
1 0.484444 0.862222 0.088889 0.088889
1 0.071111 0.755556 0.115556 0.115556
