2 0.611328 0.796875 0.019531 0.015625
2 0.730957 0.961328 0.061523 0.057031
1 0.317871 0.711719 0.141602 0.098438
1 0.878906 0.777344 0.119141 0.075000
B 0.286133 0.843750 0.023438 0.018750
B 0.457031 0.410156 0.019531 0.015625
V 0.828125 0.683203 0.068359 0.058594
V 0.788086 0.007812 0.019531 0.015625
S 0.208008 0.200000 0.019531 0.015625
S 0.338867 0.944531 0.027344 0.021875
T 0.504395 0.286328 0.086914 0.111719
T 0.086914 0.459375 0.019531 0.015625
0 0.155273 0.130078 0.056641 0.047656
0 0.664062 0.440234 0.099609 0.061719
