K 0.926758 0.369449 0.025391 0.046181
K 0.910156 0.770870 0.019531 0.035524
F 0.074219 0.133215 0.130859 0.181172
F 0.471191 0.798401 0.143555 0.182948
U 0.463867 0.557726 0.019531 0.035524
U 0.863281 0.175844 0.019531 0.035524
8 0.559570 0.898757 0.019531 0.035524
8 0.507324 0.277087 0.139648 0.223801
Q 0.233887 0.682060 0.086914 0.181172
Q 0.109863 0.608348 0.106445 0.161634
D 0.854004 0.678508 0.094727 0.095915
D 0.321289 0.166963 0.078125 0.259325
P 0.165039 0.875666 0.105469 0.206039
P 0.676758 0.842806 0.130859 0.175844
N 0.885254 0.845471 0.069336 0.099467
N 0.878906 0.499112 0.019531 0.035524
