V 0.465332 0.275074 0.052734 0.076696
V 0.165527 0.664086 0.072266 0.106932
3 0.041016 0.550885 0.013672 0.020649
3 0.636719 0.406342 0.011719 0.017699
Q 0.718262 0.506637 0.013672 0.020649
Q 0.197754 0.047198 0.009766 0.014749
N 0.578369 0.651917 0.067871 0.126844
N 0.665039 0.731563 0.013672 0.020649
Z 0.207031 0.228982 0.042969 0.067109
Z 0.829102 0.700221 0.062500 0.073009
9 0.946777 0.818584 0.009766 0.014749
9 0.587402 0.407080 0.055664 0.104720
2 0.641357 0.814897 0.027832 0.095870
2 0.282959 0.550147 0.051270 0.038348
0 0.939697 0.734882 0.071777 0.106932
0 0.418457 0.203540 0.012695 0.019174
