8 0.289412 0.588512 0.171765 0.235405
8 0.514118 0.849341 0.150588 0.259887
4 0.758824 0.708098 0.028235 0.045198
4 0.570588 0.491525 0.023529 0.037665
20 0.044706 0.892655 0.023529 0.037665
20 0.774706 0.484934 0.154118 0.220339
18 0.104706 0.563089 0.112941 0.143126
18 0.870000 0.823917 0.095294 0.231638
32 0.460000 0.126177 0.030588 0.048964
32 0.510588 0.429379 0.032941 0.052731
33 0.295294 0.182674 0.023529 0.037665
33 0.729412 0.069680 0.030588 0.048964
3 0.157059 0.224105 0.184706 0.297552
3 0.911765 0.621469 0.023529 0.037665
19 0.981176 0.064030 0.032941 0.052731
19 0.831176 0.150659 0.156471 0.154426
