14 0.288889 0.510417 0.233333 0.316667
14 0.617361 0.761458 0.176389 0.214583
16 0.481944 0.202083 0.038889 0.058333
16 0.786111 0.791667 0.155556 0.295833
31 0.554167 0.496875 0.183333 0.118750
31 0.048611 0.525000 0.036111 0.054167
32 0.100000 0.085417 0.038889 0.058333
32 0.851389 0.344792 0.208333 0.202083
19 0.130556 0.842708 0.083333 0.152083
19 0.440278 0.870833 0.113889 0.220833
25 0.242361 0.162500 0.126389 0.275000
25 0.689583 0.141667 0.115278 0.179167
9 0.693056 0.465625 0.091667 0.310417
15 0.866667 0.144792 0.158333 0.197917
15 0.126389 0.300000 0.027778 0.041667
12 0.606944 0.589583 0.027778 0.041667
22 0.040278 0.361458 0.075000 0.193750
22 0.365278 0.245833 0.030556 0.045833
