L 0.938859 0.015625 0.027174 0.013587
L 0.489130 0.627038 0.038043 0.019022
H 0.416440 0.528193 0.191576 0.101223
H 0.476223 0.405910 0.175272 0.037364
A 0.599185 0.117527 0.160326 0.069293
A 0.794837 0.856658 0.154891 0.084239
9 0.184783 0.595109 0.252717 0.123641
9 0.488451 0.274117 0.082880 0.065897
S 0.347826 0.847826 0.163043 0.050272
S 0.149457 0.304348 0.027174 0.013587
4 0.724185 0.016984 0.027174 0.013587
4 0.786005 0.292459 0.180707 0.069973
V 0.557065 0.722147 0.122283 0.061141
V 0.811141 0.758832 0.035326 0.017663
