Z 0.304721 0.495238 0.028612 0.038095
Z 0.523605 0.110476 0.028612 0.038095
A 0.267525 0.673333 0.123033 0.276190
A 0.945637 0.478095 0.028612 0.038095
P 0.440629 0.942857 0.031474 0.041905
P 0.530758 0.163810 0.028612 0.038095
J 0.849785 0.434286 0.077253 0.224762
J 0.325465 0.340952 0.121602 0.194286
B 0.111588 0.318095 0.028612 0.038095
B 0.627325 0.419048 0.155937 0.232381
T 0.905579 0.109524 0.125894 0.123810
T 0.452074 0.314286 0.034335 0.045714
V 0.349070 0.640000 0.034335 0.045714
V 0.623748 0.169524 0.028612 0.038095
N 0.886266 0.870476 0.118741 0.220952
N 0.085837 0.961905 0.034335 0.045714
