28 0.694888 0.750600 0.044728 0.067146
28 0.234824 0.194245 0.038339 0.057554
12 0.936102 0.812950 0.031949 0.047962
12 0.646965 0.203837 0.156550 0.201439
31 0.620607 0.461631 0.107029 0.203837
31 0.425719 0.459233 0.123003 0.376499
19 0.084665 0.323741 0.031949 0.047962
19 0.919329 0.485612 0.132588 0.328537
11 0.131789 0.539568 0.260383 0.354916
11 0.589457 0.794964 0.124601 0.357314
6 0.507987 0.304556 0.035144 0.052758
6 0.188498 0.846523 0.035144 0.052758
7 0.800319 0.474820 0.044728 0.067146
7 0.766773 0.616307 0.038339 0.057554
2 0.838658 0.177458 0.035144 0.052758
2 0.110224 0.261391 0.031949 0.047962
23 0.862620 0.697842 0.035144 0.052758
23 0.151757 0.179856 0.031949 0.047962
