13 0.417778 0.097778 0.097778 0.097778
13 0.671111 0.666667 0.097778 0.097778
16 0.346667 0.797778 0.328889 0.297778
16 0.751111 0.306667 0.355556 0.453333
22 0.848889 0.653333 0.115556 0.115556
22 0.337778 0.555556 0.088889 0.088889
6 0.173333 0.217778 0.337778 0.373333
6 0.853333 0.906667 0.115556 0.115556
21 0.835556 0.777778 0.097778 0.097778
21 0.711111 0.813333 0.124444 0.124444
2 0.591111 0.786667 0.115556 0.115556
25 0.662222 0.933333 0.088889 0.088889
25 0.493333 0.422222 0.124444 0.124444
27 0.466667 0.586667 0.097778 0.097778
29 0.071111 0.448889 0.088889 0.088889
29 0.564444 0.924444 0.106667 0.106667
