9 0.951111 0.124444 0.088889 0.088889
9 0.777778 0.897778 0.088889 0.088889
4 0.460000 0.653333 0.502222 0.622222
4 0.071111 0.631111 0.115556 0.115556
R 0.937778 0.715556 0.088889 0.088889
C 0.648889 0.155556 0.097778 0.097778
E 0.555556 0.053333 0.088889 0.088889
E 0.111111 0.742222 0.088889 0.088889
H 0.211111 0.171111 0.404444 0.342222
H 0.831111 0.106667 0.088889 0.088889
S 0.542222 0.222222 0.088889 0.088889
5 0.120000 0.511111 0.115556 0.115556
7 0.800000 0.613333 0.115556 0.115556
L 0.088889 0.857778 0.088889 0.088889
L 0.644444 0.262222 0.088889 0.088889
