M 0.275556 0.755556 0.088889 0.088889
M 0.720000 0.346667 0.444444 0.595556
6 0.257778 0.453333 0.097778 0.097778
6 0.871111 0.755556 0.106667 0.106667
Q 0.115556 0.791111 0.088889 0.088889
F 0.106667 0.702222 0.088889 0.088889
P 0.577778 0.844444 0.088889 0.088889
P 0.075556 0.582222 0.115556 0.115556
8 0.302222 0.197778 0.328889 0.235556
8 0.733333 0.742222 0.106667 0.106667
A 0.662222 0.955556 0.088889 0.088889
G 0.471111 0.933333 0.088889 0.088889
G 0.462222 0.786667 0.115556 0.115556
B 0.075556 0.431111 0.115556 0.115556
E 0.435556 0.604444 0.115556 0.115556
E 0.808889 0.897778 0.124444 0.124444
