16 0.447761 0.613546 0.746269 0.247012
16 0.796020 0.338645 0.099502 0.079681
5 0.597015 0.882470 0.557214 0.235060
5 0.184080 0.792829 0.099502 0.079681
8 0.310945 0.282869 0.393035 0.318725
8 0.616915 0.302789 0.099502 0.079681
23 0.935323 0.243028 0.119403 0.095618
23 0.064677 0.804781 0.099502 0.079681
20 0.368159 0.071713 0.129353 0.103586
22 0.577114 0.410359 0.139303 0.111554
22 0.194030 0.039841 0.099502 0.079681
7 0.572139 0.171315 0.109453 0.087649
4 0.696517 0.099602 0.099502 0.079681
