12 0.253700 0.472175 0.169133 0.131535
12 0.162791 0.222597 0.042283 0.033727
17 0.771670 0.139966 0.059197 0.047218
17 0.862579 0.711636 0.054968 0.043845
25 0.082452 0.758853 0.046512 0.037099
25 0.809725 0.296796 0.042283 0.033727
8 0.599366 0.659359 0.120507 0.138280
8 0.515856 0.477234 0.046512 0.037099
33 0.805497 0.563238 0.232558 0.252951
33 0.345666 0.828836 0.243129 0.220911
23 0.432347 0.145868 0.319239 0.284992
23 0.144820 0.353288 0.112051 0.099494
10 0.672304 0.901349 0.300211 0.119730
10 0.951374 0.922428 0.042283 0.033727
