V 0.376667 0.769729 0.083333 0.161366
V 0.863333 0.351001 0.043333 0.030624
Q 0.453333 0.653710 0.043333 0.030624
Q 0.260000 0.400471 0.046667 0.032980
7 0.487500 0.118963 0.125000 0.162544
7 0.345833 0.575383 0.111667 0.149588
1 0.871667 0.640754 0.036667 0.025913
1 0.600000 0.900471 0.226667 0.142521
S 0.581667 0.308598 0.036667 0.025913
S 0.510000 0.751472 0.046667 0.032980
N 0.098333 0.023557 0.033333 0.023557
N 0.835000 0.253239 0.166667 0.120141
W 0.495000 0.532391 0.040000 0.028269
W 0.728333 0.804476 0.040000 0.028269
