C 0.401611 0.933997 0.059082 0.118732
C 0.440918 0.550885 0.009766 0.014749
Y 0.150879 0.347345 0.012695 0.019174
Y 0.252441 0.531711 0.041016 0.047198
B 0.723633 0.778392 0.024414 0.046460
B 0.607910 0.876844 0.013672 0.020649
M 0.009277 0.952802 0.011719 0.017699
M 0.787842 0.959440 0.033691 0.042773
4 0.668701 0.671829 0.082520 0.109145
4 0.167725 0.186578 0.086426 0.138643
G 0.350342 0.058997 0.035645 0.109145
G 0.221680 0.961652 0.009766 0.014749
3 0.582031 0.764749 0.013672 0.020649
3 0.329834 0.174410 0.079590 0.102507
T 0.554688 0.727876 0.011719 0.017699
T 0.040039 0.662979 0.009766 0.014749
D 0.050781 0.105457 0.012695 0.019174
D 0.395020 0.806047 0.009766 0.014749
