1 0.142578 0.154529 0.019531 0.035524
1 0.172852 0.978686 0.019531 0.035524
B 0.699219 0.417407 0.058594 0.223801
B 0.857910 0.571936 0.192383 0.344583
A 0.514648 0.886323 0.019531 0.035524
A 0.325684 0.714920 0.127930 0.250444
8 0.459961 0.364121 0.021484 0.039076
8 0.465820 0.712256 0.027344 0.049734
3 0.326660 0.394316 0.075195 0.170515
3 0.707520 0.803730 0.063477 0.257549
Z 0.551270 0.620782 0.092773 0.097691
Z 0.527344 0.188277 0.023438 0.042629
P 0.457031 0.545293 0.019531 0.035524
P 0.093262 0.466252 0.137695 0.182948
6 0.593750 0.089698 0.076172 0.090586
6 0.927734 0.141208 0.101562 0.186501
