0 0.332667 0.230000 0.156000 0.156000
0 0.258667 0.900500 0.069333 0.137000
Z 0.844667 0.668000 0.172000 0.140000
Z 0.670000 0.643000 0.118667 0.114000
V 0.234667 0.742000 0.032000 0.024000
V 0.362667 0.718000 0.026667 0.020000
7 0.746667 0.899000 0.109333 0.064000
7 0.375333 0.472500 0.073333 0.137000
1 0.158667 0.875000 0.026667 0.020000
1 0.428000 0.337000 0.029333 0.022000
Q 0.526667 0.423000 0.197333 0.090000
Q 0.929333 0.864500 0.104000 0.141000
Y 0.458000 0.869000 0.190667 0.098000
Y 0.480000 0.168500 0.117333 0.135000
5 0.661333 0.524000 0.032000 0.024000
5 0.081333 0.188500 0.152000 0.059000
D 0.786667 0.507000 0.026667 0.020000
D 0.674000 0.151500 0.206667 0.155000
N 0.162000 0.525500 0.214667 0.151000
N 0.749333 0.949000 0.026667 0.020000
