U 0.803804 0.442940 0.133696 0.278530
U 0.513043 0.653772 0.021739 0.038685
S 0.606522 0.321083 0.021739 0.038685
S 0.634783 0.030948 0.021739 0.038685
R 0.490217 0.305609 0.021739 0.038685
R 0.511413 0.118956 0.068478 0.125725
F 0.146739 0.229207 0.147826 0.206963
F 0.311957 0.852998 0.152174 0.232108
H 0.373913 0.058027 0.021739 0.038685
H 0.291304 0.181818 0.021739 0.038685
W 0.390761 0.433269 0.127174 0.174081
W 0.666848 0.218569 0.070652 0.104449
G 0.116304 0.392650 0.021739 0.038685
G 0.098913 0.544487 0.132609 0.264990
9 0.839130 0.870406 0.167391 0.235977
9 0.921196 0.523211 0.088043 0.164410
