27 0.096094 0.367130 0.093229 0.152778
27 0.148177 0.823611 0.036979 0.093519
6 0.497396 0.562963 0.039583 0.068519
6 0.354167 0.205556 0.010417 0.018519
5 0.481771 0.892593 0.010417 0.018519
5 0.523438 0.311111 0.010417 0.018519
7 0.844271 0.635185 0.013542 0.024074
7 0.814583 0.473148 0.014583 0.025926
8 0.927344 0.666667 0.053646 0.120370
8 0.736979 0.205556 0.032292 0.048148
18 0.255208 0.599074 0.062500 0.083333
18 0.939844 0.906019 0.069271 0.126852
30 0.617969 0.829167 0.092188 0.156481
30 0.161458 0.117130 0.046875 0.102778
4 0.473958 0.791667 0.013542 0.024074
4 0.501042 0.974074 0.013542 0.024074
