10 0.382222 0.466667 0.115556 0.115556
3 0.713333 0.306667 0.528889 0.497778
3 0.471111 0.688889 0.115556 0.115556
2 0.191111 0.071111 0.115556 0.115556
2 0.791111 0.813333 0.088889 0.088889
26 0.835556 0.715556 0.088889 0.088889
26 0.577778 0.688889 0.088889 0.088889
9 0.946667 0.737778 0.088889 0.088889
9 0.204444 0.622222 0.115556 0.115556
31 0.222222 0.324444 0.097778 0.097778
31 0.222222 0.857778 0.124444 0.124444
21 0.097778 0.417778 0.124444 0.124444
21 0.488889 0.844444 0.097778 0.097778
17 0.897778 0.928889 0.088889 0.088889
19 0.226667 0.431111 0.106667 0.106667
30 0.057778 0.586667 0.097778 0.097778
