H 0.353516 0.209635 0.250000 0.161458
H 0.035156 0.296875 0.046875 0.031250
2 0.148438 0.632812 0.144531 0.132812
2 0.619141 0.807292 0.203125 0.114583
R 0.657227 0.474609 0.267578 0.165365
R 0.370117 0.772135 0.208984 0.200521
U 0.761719 0.061198 0.039062 0.026042
U 0.201172 0.333333 0.039062 0.026042
1 0.257812 0.341146 0.039062 0.026042
1 0.570312 0.688802 0.050781 0.033854
C 0.910156 0.203125 0.167969 0.093750
C 0.093750 0.136068 0.128906 0.162760
J 0.960938 0.819010 0.042969 0.028646
J 0.684570 0.172526 0.279297 0.128906
6 0.839844 0.695312 0.207031 0.158854
6 0.169922 0.897135 0.039062 0.026042
