Z 0.094444 0.228125 0.077778 0.202083
Z 0.272222 0.554167 0.038889 0.058333
U 0.153472 0.731250 0.195833 0.212500
U 0.576389 0.391667 0.208333 0.195833
M 0.870833 0.745833 0.130556 0.133333
M 0.316667 0.146875 0.175000 0.247917
P 0.197222 0.390625 0.113889 0.181250
P 0.361111 0.845833 0.161111 0.208333
Q 0.875000 0.514583 0.144444 0.295833
Q 0.641667 0.739583 0.172222 0.154167
J 0.418056 0.272917 0.027778 0.041667
J 0.406944 0.395833 0.030556 0.045833
0 0.827778 0.139583 0.194444 0.241667
0 0.371528 0.607292 0.131944 0.197917
