A 0.962222 0.639167 0.011111 0.016667
A 0.103611 0.782083 0.045000 0.072500
5 0.391667 0.451667 0.040000 0.083333
5 0.450278 0.735833 0.065000 0.120000
R 0.196667 0.247500 0.012222 0.018333
R 0.693056 0.566667 0.070556 0.111667
E 0.513333 0.848333 0.011111 0.016667
E 0.189444 0.746250 0.053333 0.120833
9 0.384167 0.740417 0.057222 0.064167
9 0.143611 0.117500 0.080556 0.113333
3 0.085556 0.434167 0.061111 0.078333
3 0.074444 0.366667 0.011111 0.016667
Z 0.917500 0.270417 0.065000 0.100833
Z 0.430556 0.608333 0.015556 0.023333
