C 0.776109 0.400000 0.127325 0.220952
C 0.818312 0.060952 0.028612 0.038095
8 0.838340 0.203810 0.028612 0.038095
8 0.387697 0.843810 0.206009 0.220952
K 0.389843 0.591429 0.195994 0.158095
K 0.487840 0.295238 0.028612 0.038095
Q 0.077253 0.674286 0.028612 0.038095
Q 0.020029 0.318095 0.028612 0.038095
H 0.862661 0.827619 0.080114 0.184762
H 0.565093 0.533333 0.028612 0.038095
1 0.273247 0.636190 0.034335 0.045714
1 0.211731 0.946667 0.034335 0.045714
Z 0.864092 0.440000 0.037196 0.049524
Z 0.180973 0.310476 0.161660 0.167619
U 0.687411 0.651429 0.153076 0.175238
U 0.410587 0.366667 0.077253 0.219048
E 0.392704 0.091429 0.201717 0.179048
E 0.154506 0.030476 0.028612 0.038095
