H 0.479861 0.206250 0.256944 0.370833
H 0.715278 0.840625 0.091667 0.172917
E 0.659028 0.317708 0.087500 0.147917
E 0.515972 0.532292 0.195833 0.206250
7 0.959722 0.279167 0.030556 0.045833
7 0.534722 0.807292 0.227778 0.281250
3 0.912500 0.435417 0.027778 0.041667
3 0.322917 0.686458 0.165278 0.227083
Y 0.712500 0.170833 0.027778 0.041667
Y 0.068056 0.025000 0.027778 0.041667
1 0.144444 0.719792 0.150000 0.256250
1 0.109028 0.322917 0.126389 0.200000
V 0.979167 0.754167 0.027778 0.041667
V 0.031944 0.677083 0.027778 0.041667
J 0.822222 0.341667 0.030556 0.045833
J 0.650000 0.166667 0.027778 0.041667
L 0.769444 0.081250 0.027778 0.041667
9 0.788889 0.556250 0.119444 0.304167
9 0.383333 0.885417 0.033333 0.050000
