4 0.539137 0.806954 0.206070 0.285372
4 0.976038 0.649880 0.044728 0.067146
0 0.856230 0.721823 0.191693 0.235012
0 0.642173 0.470024 0.127796 0.273381
5 0.656550 0.076739 0.038339 0.057554
5 0.153355 0.751799 0.124601 0.127098
3 0.239617 0.191847 0.031949 0.047962
3 0.879393 0.269784 0.170927 0.184652
X 0.257188 0.688249 0.031949 0.047962
X 0.486422 0.347722 0.164537 0.139089
W 0.078275 0.342926 0.031949 0.047962
W 0.108626 0.461631 0.204473 0.146283
H 0.317891 0.458034 0.031949 0.047962
T 0.552716 0.565947 0.031949 0.047962
T 0.850639 0.505995 0.091054 0.129496
S 0.154952 0.263789 0.031949 0.047962
