24 0.417910 0.577689 0.368159 0.398406
24 0.184080 0.262948 0.099502 0.079681
29 0.781095 0.454183 0.099502 0.079681
22 0.074627 0.860558 0.099502 0.079681
22 0.634328 0.209163 0.731343 0.306773
9 0.482587 0.912351 0.139303 0.111554
25 0.895522 0.541833 0.099502 0.079681
13 0.701493 0.657371 0.129353 0.103586
14 0.711443 0.832669 0.099502 0.079681
15 0.835821 0.936255 0.139303 0.111554
7 0.900498 0.717131 0.139303 0.111554
7 0.079602 0.645418 0.099502 0.079681
16 0.074627 0.111554 0.139303 0.111554
16 0.114428 0.438247 0.119403 0.095618
