B 0.940217 0.903533 0.032609 0.016304
B 0.285326 0.539742 0.157609 0.087636
N 0.894701 0.336617 0.093750 0.050951
N 0.494565 0.521739 0.027174 0.013587
U 0.635870 0.165082 0.027174 0.013587
U 0.633832 0.632133 0.093750 0.068614
X 0.690217 0.894022 0.127717 0.093750
X 0.139266 0.670856 0.131793 0.106658
D 0.423913 0.150476 0.086957 0.083560
D 0.542120 0.415082 0.195652 0.081522
7 0.864130 0.554008 0.130435 0.095788
7 0.036685 0.146060 0.038043 0.019022
W 0.176630 0.461957 0.027174 0.013587
W 0.668478 0.278533 0.035326 0.017663
