22 0.837333 0.763333 0.013333 0.013333
22 0.342000 0.354667 0.018667 0.018667
21 0.455667 0.896000 0.119333 0.108000
21 0.529667 0.770333 0.056667 0.075333
30 0.902000 0.490667 0.017333 0.017333
30 0.153333 0.926000 0.013333 0.013333
25 0.735333 0.596667 0.013333 0.013333
25 0.126000 0.180000 0.085333 0.066667
29 0.670000 0.938000 0.018667 0.018667
29 0.560667 0.926000 0.074667 0.057333
7 0.334333 0.080000 0.048667 0.098667
7 0.554667 0.211000 0.056000 0.072667
23 0.270000 0.516000 0.016000 0.016000
23 0.688000 0.331333 0.017333 0.017333
