T 0.777174 0.721470 0.028261 0.050290
T 0.926087 0.129594 0.021739 0.038685
Z 0.306522 0.222437 0.021739 0.038685
Z 0.279891 0.471954 0.140217 0.220503
2 0.765217 0.170213 0.030435 0.054159
2 0.348913 0.280464 0.028261 0.050290
L 0.698913 0.030948 0.023913 0.042553
L 0.811957 0.526112 0.108696 0.143133
R 0.769565 0.092843 0.030435 0.054159
R 0.160870 0.212766 0.100000 0.212766
6 0.631522 0.280464 0.023913 0.042553
6 0.120109 0.736944 0.131522 0.274662
3 0.400000 0.870406 0.110870 0.185687
3 0.919022 0.556093 0.094565 0.288201
8 0.068478 0.502901 0.030435 0.054159
8 0.398913 0.090909 0.021739 0.038685
