S 0.928889 0.613333 0.124444 0.124444
S 0.204444 0.728889 0.124444 0.124444
U 0.291111 0.362222 0.564444 0.564444
U 0.760000 0.075556 0.106667 0.106667
V 0.155556 0.951111 0.088889 0.088889
V 0.915556 0.408889 0.088889 0.088889
7 0.795556 0.217778 0.124444 0.124444
7 0.715556 0.782222 0.231111 0.355556
R 0.911111 0.760000 0.115556 0.115556
2 0.653333 0.404444 0.088889 0.088889
A 0.391111 0.737778 0.088889 0.088889
A 0.648889 0.084444 0.088889 0.088889
B 0.711111 0.551111 0.088889 0.088889
Z 0.182222 0.853333 0.088889 0.088889
