4 0.368519 0.157407 0.037037 0.037037
4 0.628704 0.743519 0.194444 0.198148
Q 0.901852 0.680556 0.177778 0.227778
Q 0.907407 0.900926 0.100000 0.164815
J 0.262963 0.520370 0.166667 0.137037
J 0.687963 0.263889 0.287037 0.257407
E 0.353704 0.118519 0.037037 0.037037
E 0.201852 0.796296 0.148148 0.100000
D 0.172222 0.301852 0.296296 0.262963
D 0.903704 0.437963 0.140741 0.187037
2 0.761111 0.753704 0.048148 0.048148
2 0.500000 0.515741 0.151852 0.150000
K 0.937037 0.122222 0.040741 0.040741
V 0.264815 0.020370 0.037037 0.037037
V 0.918519 0.307407 0.051852 0.051852
6 0.961111 0.024074 0.040741 0.040741
6 0.411111 0.747222 0.177778 0.138889
P 0.107407 0.840741 0.037037 0.037037
