R 0.881176 0.395480 0.028235 0.045198
R 0.158235 0.654426 0.205882 0.284369
X 0.392353 0.238230 0.137647 0.178908
X 0.624118 0.490584 0.111765 0.114878
3 0.808235 0.300377 0.115294 0.096045
3 0.021176 0.265537 0.023529 0.037665
D 0.627059 0.832392 0.025882 0.041431
D 0.305882 0.800377 0.030588 0.048964
U 0.458824 0.941620 0.023529 0.037665
U 0.945882 0.787194 0.025882 0.041431
2 0.741176 0.137476 0.023529 0.037665
2 0.434118 0.092279 0.025882 0.041431
4 0.021176 0.581921 0.023529 0.037665
4 0.807059 0.630885 0.134118 0.184557
M 0.735294 0.259887 0.023529 0.037665
M 0.832941 0.493409 0.023529 0.037665
P 0.177647 0.414313 0.023529 0.037665
P 0.616471 0.613936 0.030588 0.048964
