20 0.190588 0.427495 0.023529 0.037665
20 0.244118 0.553672 0.109412 0.124294
10 0.458824 0.856874 0.023529 0.037665
10 0.138824 0.163842 0.023529 0.037665
6 0.664118 0.111111 0.170588 0.192090
6 0.448235 0.538606 0.023529 0.037665
19 0.321176 0.100753 0.094118 0.167608
19 0.941176 0.523540 0.025882 0.041431
0 0.414118 0.286252 0.082353 0.120527
0 0.318824 0.766478 0.185882 0.286252
28 0.065294 0.095104 0.116471 0.145009
28 0.941176 0.966102 0.032941 0.052731
4 0.798235 0.548023 0.137647 0.184557
4 0.571176 0.550847 0.107059 0.276836
15 0.780000 0.949153 0.028235 0.045198
15 0.787059 0.135593 0.023529 0.037665
