6 0.618333 0.397500 0.012222 0.018333
6 0.368889 0.260000 0.011111 0.016667
4 0.846944 0.140000 0.078333 0.088333
4 0.203056 0.442083 0.028333 0.099167
B 0.327222 0.285000 0.012222 0.018333
B 0.862222 0.841667 0.057778 0.110000
N 0.958333 0.550417 0.076667 0.102500
N 0.701667 0.354167 0.011111 0.016667
W 0.761667 0.802917 0.084444 0.124167
W 0.436111 0.450417 0.066667 0.100833
8 0.086111 0.124167 0.011111 0.016667
8 0.900000 0.217500 0.013333 0.020000
R 0.571111 0.355000 0.011111 0.016667
R 0.331111 0.610000 0.011111 0.016667
5 0.449167 0.635417 0.051667 0.065833
5 0.113889 0.713333 0.015556 0.023333
