Y 0.237512 0.118370 0.098923 0.182406
Y 0.834476 0.169470 0.019589 0.025873
W 0.291871 0.292367 0.025465 0.033635
W 0.262488 0.282018 0.019589 0.025873
D 0.948090 0.175291 0.066601 0.073739
D 0.483839 0.359638 0.019589 0.025873
2 0.856024 0.976714 0.019589 0.025873
2 0.567091 0.234153 0.025465 0.033635
F 0.588639 0.480595 0.097943 0.187581
F 0.191479 0.794955 0.120470 0.208279
G 0.453967 0.898448 0.149853 0.159120
G 0.759549 0.636481 0.102840 0.069858
N 0.465230 0.677878 0.025465 0.033635
N 0.886386 0.397801 0.107738 0.146184
R 0.988247 0.482536 0.019589 0.025873
R 0.245837 0.236740 0.023506 0.031048
