21 0.319444 0.672917 0.027778 0.041667
21 0.690278 0.370833 0.030556 0.045833
19 0.262500 0.314583 0.036111 0.054167
19 0.130556 0.480208 0.150000 0.243750
20 0.366667 0.341667 0.038889 0.058333
20 0.959722 0.787500 0.027778 0.041667
15 0.513194 0.456250 0.090278 0.212500
15 0.370833 0.045833 0.038889 0.058333
9 0.873611 0.158333 0.125000 0.158333
9 0.094444 0.116667 0.027778 0.041667
33 0.457639 0.772917 0.220833 0.329167
33 0.965278 0.637500 0.033333 0.050000
26 0.678472 0.726042 0.151389 0.297917
26 0.793056 0.302083 0.030556 0.045833
10 0.663194 0.107292 0.131944 0.168750
10 0.791667 0.625000 0.036111 0.054167
