F 0.145508 0.610677 0.240234 0.158854
F 0.974609 0.343750 0.039062 0.026042
8 0.550781 0.891927 0.046875 0.031250
8 0.255859 0.798828 0.292969 0.105469
W 0.703125 0.086589 0.156250 0.157552
W 0.637695 0.578776 0.224609 0.183594
6 0.480469 0.829427 0.050781 0.033854
6 0.272461 0.337240 0.240234 0.197917
X 0.908203 0.087240 0.042969 0.028646
X 0.684570 0.751302 0.181641 0.132812
H 0.144531 0.032552 0.039062 0.026042
H 0.626953 0.255859 0.175781 0.178385
4 0.418945 0.068359 0.255859 0.134115
4 0.027344 0.807292 0.039062 0.026042
L 0.747070 0.901042 0.205078 0.166667
L 0.541992 0.419922 0.267578 0.079427
P 0.179688 0.080729 0.050781 0.033854
P 0.968750 0.291667 0.039062 0.026042
