M 0.707333 0.227000 0.185333 0.154000
M 0.573333 0.897000 0.026667 0.020000
U 0.256000 0.131000 0.184000 0.056000
U 0.590667 0.663500 0.261333 0.195000
0 0.900667 0.248000 0.177333 0.056000
0 0.826667 0.509500 0.106667 0.099000
F 0.900000 0.012000 0.026667 0.020000
F 0.285333 0.593000 0.032000 0.024000
C 0.300000 0.912500 0.114667 0.121000
C 0.438667 0.253000 0.136000 0.124000
L 0.881333 0.733500 0.104000 0.143000
L 0.540000 0.435000 0.037333 0.028000
2 0.148000 0.911000 0.170667 0.146000
2 0.231333 0.369000 0.182667 0.088000
