D 0.891852 0.597222 0.201481 0.096667
D 0.419259 0.320000 0.029630 0.022222
W 0.581481 0.571667 0.152593 0.123333
W 0.623704 0.971111 0.041481 0.031111
P 0.826667 0.918333 0.189630 0.107778
P 0.274074 0.966667 0.029630 0.022222
Q 0.708889 0.092778 0.137778 0.094444
Q 0.218519 0.615556 0.197037 0.108889
Z 0.171111 0.240000 0.220741 0.120000
Z 0.237037 0.801111 0.041481 0.031111
0 0.428889 0.133889 0.161481 0.161111
0 0.110370 0.750000 0.090370 0.080000
X 0.414815 0.378889 0.121481 0.088889
X 0.426667 0.941111 0.041481 0.031111
J 0.687407 0.937778 0.029630 0.022222
J 0.396296 0.651667 0.155556 0.116667
U 0.974815 0.098889 0.029630 0.022222
U 0.814074 0.246111 0.202963 0.136667
9 0.621481 0.791111 0.223704 0.142222
9 0.054815 0.070000 0.029630 0.022222
