Z 0.639583 0.300000 0.195833 0.175000
Z 0.432639 0.565625 0.106944 0.185417
M 0.862500 0.568750 0.030556 0.045833
M 0.063889 0.187500 0.027778 0.041667
P 0.741667 0.768750 0.033333 0.050000
P 0.120833 0.593750 0.027778 0.041667
Y 0.070833 0.702083 0.036111 0.054167
Y 0.504167 0.211458 0.072222 0.243750
W 0.850000 0.295833 0.033333 0.050000
W 0.659028 0.537500 0.106944 0.212500
H 0.145139 0.395833 0.251389 0.345833
H 0.216667 0.786458 0.183333 0.327083
5 0.354861 0.164583 0.148611 0.262500
5 0.425694 0.857292 0.201389 0.285417
