6 0.770833 0.059722 0.043750 0.080556
6 0.119792 0.170370 0.013542 0.024074
V 0.073177 0.821759 0.054688 0.125000
V 0.495052 0.269907 0.059896 0.145370
R 0.746875 0.404630 0.010417 0.018519
R 0.048958 0.660185 0.013542 0.024074
4 0.233333 0.222222 0.013542 0.024074
4 0.043750 0.394907 0.034375 0.110185
M 0.039323 0.195370 0.075521 0.148148
M 0.720833 0.707870 0.063542 0.100926
8 0.703125 0.255093 0.084375 0.110185
8 0.226562 0.826852 0.010417 0.018519
A 0.397917 0.264815 0.068750 0.081481
A 0.486979 0.703704 0.034375 0.098148
