5 0.921196 0.417799 0.027174 0.013587
5 0.529891 0.517663 0.027174 0.013587
4 0.865489 0.739130 0.027174 0.013587
4 0.580163 0.851902 0.255435 0.130435
11 0.679348 0.618207 0.125000 0.035326
11 0.308424 0.492527 0.027174 0.013587
10 0.660326 0.664402 0.032609 0.016304
10 0.828804 0.189538 0.038043 0.019022
32 0.358696 0.249660 0.103261 0.041440
32 0.779212 0.122622 0.118207 0.063179
21 0.864130 0.293478 0.029891 0.014946
21 0.202446 0.418478 0.108696 0.066576
8 0.419837 0.739470 0.201087 0.090353
8 0.282609 0.663043 0.027174 0.013587
24 0.036685 0.811141 0.038043 0.019022
24 0.482337 0.325068 0.073370 0.055027
