W 0.509299 0.743810 0.131617 0.173333
W 0.826180 0.720952 0.133047 0.188571
0 0.229614 0.700000 0.187411 0.280000
0 0.417740 0.794286 0.028612 0.038095
1 0.805436 0.195238 0.254649 0.360000
1 0.781116 0.575238 0.031474 0.041905
J 0.590129 0.369524 0.170243 0.190476
J 0.051502 0.447619 0.037196 0.049524
M 0.217454 0.466667 0.028612 0.038095
M 0.855508 0.445714 0.034335 0.045714
B 0.613734 0.687619 0.028612 0.038095
B 0.426323 0.296190 0.114449 0.127619
6 0.393419 0.615238 0.028612 0.038095
6 0.958512 0.579048 0.034335 0.045714
S 0.030043 0.100952 0.031474 0.041905
S 0.081545 0.967619 0.028612 0.038095
C 0.659514 0.584762 0.185980 0.125714
C 0.675250 0.760000 0.034335 0.045714
