P 0.157500 0.577051 0.051667 0.147450
P 0.583333 0.541020 0.016667 0.022173
0 0.734167 0.709534 0.021667 0.028825
0 0.760000 0.692905 0.021667 0.028825
F 0.736667 0.579823 0.016667 0.022173
F 0.442500 0.248337 0.023333 0.031042
E 0.258333 0.274945 0.023333 0.031042
E 0.705000 0.635255 0.016667 0.022173
N 0.809167 0.194568 0.056667 0.094235
N 0.775417 0.324834 0.099167 0.099778
1 0.226667 0.735033 0.018333 0.024390
1 0.146250 0.932373 0.100833 0.073171
S 0.355417 0.207317 0.102500 0.117517
S 0.973333 0.332594 0.018333 0.024390
2 0.313750 0.594235 0.110833 0.135255
2 0.725000 0.486696 0.133333 0.161863
K 0.077500 0.412417 0.016667 0.022173
K 0.184583 0.328714 0.074167 0.118625
M 0.021667 0.329268 0.023333 0.031042
M 0.425000 0.277162 0.020000 0.026608
