V 0.625977 0.094401 0.150391 0.079427
V 0.259766 0.468750 0.039062 0.026042
C 0.636719 0.734375 0.054688 0.036458
C 0.415039 0.774740 0.248047 0.143229
J 0.804688 0.792969 0.039062 0.026042
J 0.246094 0.617188 0.039062 0.026042
5 0.808594 0.687500 0.281250 0.143229
5 0.366211 0.226562 0.173828 0.156250
P 0.056641 0.777344 0.039062 0.026042
P 0.509766 0.618490 0.132812 0.169271
U 0.978516 0.542969 0.039062 0.026042
U 0.738281 0.400391 0.199219 0.108073
F 0.352539 0.369141 0.201172 0.121094
F 0.591797 0.242188 0.273438 0.192708
