Q 0.038462 0.169243 0.027473 0.015456
Q 0.592720 0.534003 0.215659 0.115920
0 0.431319 0.333076 0.035714 0.020093
0 0.111264 0.102782 0.027473 0.015456
D 0.175137 0.055641 0.201923 0.052550
D 0.145604 0.191654 0.027473 0.015456
J 0.896291 0.828053 0.177198 0.081144
J 0.607830 0.705951 0.119505 0.067233
L 0.416209 0.802164 0.027473 0.015456
L 0.133929 0.304096 0.119505 0.073416
K 0.603022 0.273570 0.027473 0.015456
K 0.147665 0.923493 0.234890 0.115920
V 0.311813 0.636785 0.032967 0.018547
V 0.753434 0.137944 0.204670 0.091963
