C 0.864118 0.501883 0.161176 0.295669
C 0.805882 0.109228 0.023529 0.037665
7 0.064706 0.459510 0.023529 0.037665
7 0.572941 0.337100 0.030588 0.048964
T 0.212941 0.794727 0.023529 0.037665
T 0.670588 0.772128 0.105882 0.252354
F 0.302941 0.606403 0.196471 0.305085
F 0.568235 0.519774 0.063529 0.222222
J 0.135882 0.180791 0.180000 0.188324
J 0.421176 0.327684 0.023529 0.037665
R 0.270588 0.915254 0.032941 0.052731
R 0.068235 0.724105 0.131765 0.280603
2 0.875882 0.129002 0.109412 0.099812
2 0.709412 0.920904 0.028235 0.045198
9 0.704706 0.552731 0.155294 0.163842
9 0.492941 0.135593 0.023529 0.037665
