M 0.577114 0.478088 0.129353 0.103586
M 0.656716 0.278884 0.626866 0.286853
A 0.791045 0.892430 0.129353 0.103586
A 0.606965 0.940239 0.139303 0.111554
J 0.442786 0.916335 0.099502 0.079681
J 0.223881 0.139442 0.099502 0.079681
B 0.815920 0.601594 0.139303 0.111554
B 0.870647 0.055777 0.099502 0.079681
X 0.263682 0.671315 0.417910 0.386454
X 0.527363 0.597610 0.099502 0.079681
2 0.074627 0.067729 0.119403 0.095618
D 0.104478 0.179283 0.109453 0.087649
D 0.119403 0.286853 0.119403 0.095618
C 0.601990 0.784861 0.099502 0.079681
C 0.930348 0.852590 0.139303 0.111554
Q 0.855721 0.474104 0.099502 0.079681
Q 0.502488 0.079681 0.119403 0.095618
