J 0.542222 0.548889 0.311111 0.662222
J 0.146667 0.115556 0.088889 0.088889
S 0.213333 0.728889 0.115556 0.115556
S 0.902222 0.204444 0.088889 0.088889
9 0.844444 0.715556 0.222222 0.515556
9 0.093333 0.484444 0.088889 0.088889
U 0.088889 0.311111 0.088889 0.088889
Y 0.222222 0.555556 0.115556 0.115556
Y 0.897778 0.071111 0.124444 0.124444
L 0.457778 0.155556 0.088889 0.088889
K 0.955556 0.342222 0.088889 0.088889
K 0.737778 0.133333 0.106667 0.106667
8 0.226667 0.355556 0.088889 0.088889
2 0.782222 0.342222 0.115556 0.115556
2 0.546667 0.062222 0.088889 0.088889
