F 0.884444 0.448889 0.088889 0.088889
F 0.820000 0.755556 0.262222 0.293333
J 0.075556 0.440000 0.088889 0.088889
J 0.408889 0.651111 0.542222 0.306667
L 0.791111 0.120000 0.106667 0.106667
L 0.946667 0.324444 0.088889 0.088889
X 0.351111 0.124444 0.115556 0.115556
M 0.080000 0.217778 0.088889 0.088889
M 0.391111 0.360000 0.115556 0.115556
B 0.813333 0.284444 0.124444 0.124444
G 0.742222 0.440000 0.124444 0.124444
G 0.080000 0.822222 0.106667 0.106667
5 0.577778 0.404444 0.097778 0.097778
8 0.062222 0.631111 0.115556 0.115556
