B 0.881974 0.204762 0.178827 0.299048
B 0.955651 0.641905 0.028612 0.038095
2 0.128755 0.330476 0.145923 0.203810
2 0.756795 0.469524 0.085837 0.196190
K 0.792561 0.729524 0.040057 0.053333
K 0.442775 0.336190 0.175966 0.207619
7 0.460658 0.582857 0.163090 0.220952
7 0.210300 0.725714 0.117310 0.251429
Q 0.632332 0.560952 0.111588 0.120000
Q 0.271817 0.531429 0.028612 0.038095
0 0.366237 0.131429 0.028612 0.038095
0 0.187411 0.137143 0.091559 0.171429
M 0.097282 0.100952 0.028612 0.038095
M 0.697425 0.909524 0.158798 0.150476
