C 0.576000 0.701000 0.168000 0.170000
C 0.196000 0.773000 0.094000 0.112000
0 0.824000 0.469000 0.020000 0.020000
0 0.959000 0.622000 0.020000 0.020000
5 0.758000 0.870000 0.020000 0.020000
5 0.320000 0.010000 0.020000 0.020000
W 0.119000 0.397500 0.142000 0.057000
W 0.545000 0.430000 0.028000 0.028000
J 0.469000 0.096000 0.064000 0.068000
J 0.906500 0.309500 0.155000 0.143000
8 0.501500 0.363500 0.099000 0.093000
8 0.590000 0.944500 0.082000 0.105000
B 0.879500 0.812500 0.105000 0.121000
B 0.254000 0.737000 0.020000 0.020000
Q 0.056000 0.916000 0.020000 0.020000
Q 0.384500 0.861000 0.087000 0.130000
