8 0.540000 0.660000 0.457778 0.413333
19 0.368889 0.084444 0.088889 0.088889
19 0.071111 0.448889 0.088889 0.088889
6 0.915556 0.257778 0.088889 0.088889
7 0.275556 0.080000 0.088889 0.088889
10 0.546667 0.333333 0.124444 0.124444
10 0.688889 0.106667 0.088889 0.088889
24 0.173333 0.146667 0.088889 0.088889
24 0.626667 0.213333 0.088889 0.088889
20 0.266667 0.351111 0.088889 0.088889
20 0.506667 0.142222 0.088889 0.088889
3 0.306667 0.186667 0.088889 0.088889
3 0.133333 0.306667 0.097778 0.097778
1 0.822222 0.644444 0.088889 0.088889
1 0.871111 0.471111 0.097778 0.097778
