U 0.858000 0.561000 0.158667 0.076000
U 0.182667 0.818000 0.037333 0.028000
3 0.376000 0.557500 0.138667 0.093000
3 0.353333 0.747000 0.032000 0.024000
V 0.885333 0.214000 0.032000 0.024000
V 0.662667 0.668000 0.194667 0.078000
Y 0.486667 0.488000 0.032000 0.024000
Y 0.870667 0.319000 0.026667 0.020000
D 0.529333 0.701000 0.026667 0.020000
D 0.845333 0.210000 0.037333 0.028000
T 0.357333 0.361000 0.192000 0.120000
T 0.231333 0.225500 0.196000 0.109000
2 0.619333 0.111500 0.124000 0.145000
2 0.504667 0.935500 0.108000 0.089000
K 0.664000 0.817000 0.026667 0.020000
K 0.846667 0.804500 0.189333 0.105000
