S 0.375000 0.355903 0.158203 0.302083
S 0.014648 0.868056 0.019531 0.034722
B 0.753418 0.765625 0.112305 0.142361
B 0.376953 0.029514 0.019531 0.034722
2 0.246582 0.848090 0.059570 0.161458
2 0.544922 0.532118 0.148438 0.244792
H 0.210938 0.659722 0.019531 0.034722
H 0.608398 0.849826 0.064453 0.237847
D 0.587891 0.340278 0.019531 0.034722
D 0.750000 0.041667 0.027344 0.048611
3 0.183594 0.439236 0.027344 0.048611
3 0.167480 0.268229 0.124023 0.248264
X 0.786133 0.516493 0.103516 0.230903
X 0.600586 0.176215 0.128906 0.171875
V 0.731445 0.292535 0.048828 0.133681
V 0.395508 0.890625 0.027344 0.048611
4 0.919922 0.234375 0.019531 0.034722
4 0.549805 0.762153 0.019531 0.034722
