F 0.241304 0.679348 0.300000 0.619565
F 0.502174 0.755435 0.213043 0.351449
2 0.050000 0.358696 0.047826 0.079710
2 0.471739 0.260870 0.043478 0.072464
3 0.669565 0.894928 0.043478 0.072464
3 0.741304 0.467391 0.060870 0.101449
G 0.032609 0.764493 0.056522 0.094203
G 0.845652 0.730072 0.247826 0.373188
C 0.852174 0.112319 0.060870 0.101449
C 0.928261 0.065217 0.060870 0.101449
E 0.613043 0.456522 0.052174 0.086957
E 0.656522 0.565217 0.043478 0.072464
7 0.460870 0.358696 0.060870 0.101449
P 0.202174 0.228261 0.226087 0.224638
P 0.936957 0.311594 0.108696 0.311594
6 0.363043 0.105072 0.043478 0.072464
A 0.693478 0.231884 0.052174 0.086957
A 0.489130 0.137681 0.043478 0.072464
