E 0.460677 0.707870 0.060937 0.149074
E 0.693750 0.805556 0.012500 0.022222
F 0.857292 0.438889 0.014583 0.025926
F 0.719792 0.663889 0.014583 0.025926
M 0.827344 0.681481 0.071354 0.146296
M 0.319792 0.778704 0.012500 0.022222
X 0.407812 0.500926 0.043750 0.103704
X 0.221354 0.718519 0.071875 0.124074
Y 0.865365 0.252778 0.027604 0.053704
Y 0.978385 0.193981 0.035937 0.084259
D 0.681250 0.900463 0.043750 0.071296
D 0.764583 0.176852 0.014583 0.025926
6 0.611458 0.710185 0.013542 0.024074
6 0.516406 0.589352 0.026562 0.093519
