6 0.894444 0.201042 0.111111 0.297917
6 0.708333 0.366667 0.102778 0.275000
5 0.576389 0.122917 0.027778 0.041667
5 0.624306 0.671875 0.159722 0.297917
A 0.111111 0.058333 0.027778 0.041667
A 0.422222 0.468750 0.188889 0.245833
H 0.037500 0.958333 0.036111 0.054167
H 0.179167 0.607292 0.108333 0.281250
U 0.153472 0.265625 0.193056 0.289583
U 0.213889 0.975000 0.027778 0.041667
9 0.309722 0.254167 0.027778 0.041667
9 0.822917 0.801042 0.098611 0.222917
8 0.183333 0.858333 0.033333 0.050000
8 0.075000 0.729167 0.038889 0.058333
C 0.447917 0.186458 0.201389 0.235417
C 0.569444 0.281250 0.027778 0.041667
T 0.333333 0.858333 0.027778 0.041667
T 0.950000 0.614583 0.027778 0.041667
N 0.298611 0.833333 0.027778 0.041667
N 0.055556 0.870833 0.027778 0.041667
