4 0.290000 0.332298 0.016667 0.031056
4 0.908333 0.313665 0.020000 0.037267
S 0.769167 0.861801 0.016667 0.031056
S 0.130833 0.096273 0.016667 0.031056
6 0.380000 0.877329 0.020000 0.037267
6 0.727500 0.208075 0.016667 0.031056
P 0.330833 0.597050 0.056667 0.138199
P 0.631250 0.140528 0.059167 0.156832
W 0.160833 0.313665 0.016667 0.031056
W 0.050000 0.844720 0.023333 0.043478
Z 0.660000 0.703416 0.016667 0.031056
Z 0.115417 0.670807 0.120833 0.130435
T 0.702500 0.427019 0.016667 0.031056
T 0.130417 0.838509 0.124167 0.183230
X 0.377500 0.417702 0.016667 0.031056
X 0.817917 0.751553 0.114167 0.180124
V 0.810833 0.507764 0.048333 0.204969
V 0.191250 0.153727 0.087500 0.180124
