5 0.885926 0.908333 0.118519 0.134444
5 0.431111 0.971111 0.029630 0.022222
V 0.545185 0.450000 0.029630 0.022222
V 0.579259 0.535556 0.041481 0.031111
J 0.660000 0.424444 0.149630 0.080000
J 0.503704 0.693333 0.029630 0.022222
D 0.756296 0.645556 0.247407 0.135556
D 0.338519 0.682778 0.164444 0.110000
L 0.849630 0.091667 0.137778 0.085556
L 0.921481 0.218889 0.157037 0.064444
9 0.197037 0.207778 0.038519 0.028889
9 0.342222 0.896667 0.035556 0.026667
4 0.890370 0.456667 0.097778 0.117778
4 0.334815 0.236667 0.029630 0.022222
S 0.224444 0.844444 0.191111 0.100000
S 0.181481 0.577222 0.158519 0.092222
X 0.774815 0.521111 0.041481 0.031111
X 0.352593 0.337778 0.157037 0.142222
H 0.714074 0.881111 0.029630 0.022222
H 0.537778 0.247222 0.151111 0.143333
