V 0.245000 0.869159 0.020000 0.026702
V 0.140000 0.316422 0.136000 0.205607
E 0.043000 0.391188 0.024000 0.032043
E 0.833000 0.063418 0.106000 0.118825
0 0.688000 0.885180 0.068000 0.181575
0 0.750000 0.556742 0.152000 0.141522
5 0.831000 0.789052 0.020000 0.026702
5 0.522000 0.847797 0.026000 0.034713
F 0.698000 0.072096 0.028000 0.037383
F 0.755000 0.106809 0.022000 0.029372
C 0.053000 0.193591 0.020000 0.026702
C 0.080000 0.628838 0.024000 0.032043
N 0.712000 0.695594 0.028000 0.037383
N 0.914000 0.267023 0.020000 0.026702
U 0.078000 0.847797 0.052000 0.178905
U 0.293000 0.283712 0.094000 0.129506
B 0.542000 0.069426 0.022000 0.029372
B 0.314000 0.065421 0.020000 0.026702
