19 0.746094 0.860677 0.039062 0.026042
19 0.440430 0.370443 0.263672 0.209635
33 0.688477 0.492188 0.150391 0.101562
33 0.768555 0.266927 0.212891 0.135417
9 0.910156 0.561849 0.152344 0.118490
9 0.557617 0.107422 0.224609 0.079427
31 0.263672 0.910156 0.039062 0.026042
31 0.904297 0.919271 0.164062 0.161458
10 0.835938 0.688802 0.191406 0.065104
10 0.296875 0.795573 0.324219 0.171875
17 0.166992 0.389974 0.216797 0.186198
17 0.458984 0.963542 0.039062 0.026042
22 0.272461 0.111328 0.240234 0.180990
22 0.638672 0.958333 0.039062 0.026042
29 0.796875 0.031250 0.050781 0.033854
29 0.179688 0.587891 0.253906 0.175781
23 0.357422 0.625000 0.042969 0.028646
23 0.788086 0.138672 0.177734 0.108073
8 0.427734 0.618490 0.050781 0.033854
8 0.735352 0.384766 0.267578 0.089844
