3 0.925974 0.358571 0.012987 0.028571
3 0.156494 0.408571 0.109091 0.231429
R 0.007792 0.250000 0.012987 0.028571
R 0.125000 0.865000 0.091558 0.181429
1 0.675325 0.143571 0.085714 0.198571
1 0.892857 0.922857 0.015584 0.034286
H 0.629221 0.352857 0.012987 0.028571
H 0.776623 0.540000 0.014286 0.031429
8 0.981818 0.148571 0.018182 0.040000
8 0.541234 0.220714 0.056494 0.190000
G 0.222403 0.177857 0.075974 0.167143
G 0.784416 0.688571 0.018182 0.040000
0 0.259740 0.805714 0.067532 0.120000
0 0.979870 0.617143 0.012987 0.028571
N 0.349351 0.217143 0.015584 0.034286
N 0.936364 0.391429 0.012987 0.028571
