E 0.805664 0.786136 0.009766 0.014749
E 0.901367 0.766224 0.009766 0.014749
W 0.175781 0.727876 0.009766 0.014749
W 0.861084 0.205752 0.047363 0.091445
Z 0.267578 0.353982 0.009766 0.014749
Z 0.172852 0.891593 0.009766 0.014749
C 0.181641 0.660767 0.009766 0.014749
C 0.622559 0.198009 0.069336 0.108407
M 0.849609 0.341445 0.025391 0.098820
M 0.987305 0.806785 0.009766 0.014749
9 0.463135 0.247050 0.058105 0.075221
9 0.884766 0.626844 0.009766 0.014749
T 0.804932 0.397861 0.060059 0.061209
T 0.894287 0.551254 0.064941 0.103982
D 0.746094 0.318584 0.013672 0.020649
D 0.037109 0.421091 0.039062 0.053097
Y 0.461182 0.141593 0.044434 0.085546
Y 0.286621 0.427729 0.012695 0.019174
