X 0.516000 0.436500 0.189333 0.069000
X 0.459333 0.730000 0.126667 0.126000
U 0.961333 0.208000 0.026667 0.020000
U 0.092000 0.529000 0.026667 0.020000
5 0.553333 0.885500 0.120000 0.153000
5 0.650667 0.167000 0.098667 0.094000
D 0.920000 0.170000 0.026667 0.020000
D 0.288000 0.552000 0.034667 0.026000
C 0.841333 0.117000 0.090667 0.104000
C 0.250667 0.588000 0.026667 0.020000
H 0.238667 0.087000 0.189333 0.116000
H 0.213333 0.480000 0.037333 0.028000
W 0.324000 0.783000 0.026667 0.020000
W 0.510667 0.189500 0.141333 0.083000
