V 0.760938 0.693519 0.010417 0.018519
V 0.151562 0.696296 0.011458 0.020370
7 0.500260 0.323148 0.051562 0.100000
7 0.930208 0.587963 0.013542 0.024074
S 0.762760 0.115278 0.044271 0.054630
S 0.471615 0.711111 0.039062 0.105556
5 0.850521 0.060185 0.067708 0.046296
5 0.882812 0.743519 0.010417 0.018519
4 0.953646 0.779630 0.010417 0.018519
4 0.131510 0.196759 0.036979 0.069444
H 0.275781 0.112963 0.055729 0.059259
H 0.519792 0.104167 0.057292 0.086111
X 0.469792 0.891667 0.081250 0.133333
X 0.383333 0.675000 0.046875 0.087037
T 0.756250 0.208333 0.057292 0.107407
T 0.436979 0.334259 0.043750 0.062963
Q 0.785677 0.354167 0.070312 0.132407
Q 0.239583 0.041667 0.010417 0.018519
F 0.776563 0.950000 0.010417 0.018519
F 0.393229 0.320370 0.014583 0.025926
