8 0.110417 0.629630 0.010417 0.018519
8 0.258333 0.541667 0.010417 0.018519
3 0.477083 0.844907 0.080208 0.137963
3 0.200521 0.483333 0.091667 0.135185
U 0.750000 0.469444 0.010417 0.018519
U 0.611458 0.452778 0.010417 0.018519
2 0.205208 0.621296 0.010417 0.018519
2 0.522396 0.546296 0.013542 0.024074
1 0.119792 0.308333 0.010417 0.018519
1 0.659896 0.843056 0.038542 0.121296
H 0.889583 0.444444 0.013542 0.024074
H 0.143750 0.781481 0.010417 0.018519
7 0.282813 0.661111 0.010417 0.018519
7 0.744271 0.258333 0.011458 0.020370
B 0.145313 0.168981 0.077083 0.128704
B 0.752604 0.137037 0.014583 0.025926
6 0.564063 0.067593 0.010417 0.018519
6 0.242708 0.703704 0.011458 0.020370
S 0.419792 0.102315 0.044792 0.069444
S 0.356771 0.797222 0.012500 0.022222
