2 0.371333 0.861000 0.196000 0.144000
2 0.725333 0.677000 0.026667 0.020000
U 0.344000 0.685500 0.122667 0.127000
U 0.634000 0.346500 0.172000 0.121000
B 0.257333 0.274000 0.192000 0.068000
B 0.400667 0.395500 0.158667 0.091000
6 0.900000 0.791000 0.026667 0.020000
6 0.640000 0.097500 0.205333 0.139000
S 0.084000 0.213000 0.026667 0.020000
S 0.662667 0.895500 0.157333 0.091000
R 0.906000 0.159500 0.169333 0.157000
R 0.062667 0.910000 0.026667 0.020000
J 0.697333 0.228000 0.026667 0.020000
J 0.040000 0.430000 0.037333 0.028000
D 0.199333 0.434000 0.145333 0.146000
D 0.916000 0.460500 0.112000 0.115000
4 0.868667 0.681000 0.214667 0.178000
4 0.761333 0.487500 0.160000 0.109000
M 0.189333 0.084000 0.098667 0.096000
M 0.818667 0.903000 0.034667 0.026000
