E 0.285326 0.157640 0.079348 0.203095
E 0.858696 0.473888 0.023913 0.042553
T 0.400000 0.266925 0.023913 0.042553
T 0.348913 0.656673 0.143478 0.237911
D 0.134783 0.396518 0.182609 0.290135
D 0.027174 0.785300 0.021739 0.038685
V 0.144565 0.087041 0.030435 0.054159
V 0.930978 0.689555 0.092391 0.133462
L 0.589130 0.162476 0.021739 0.038685
L 0.526087 0.715667 0.028261 0.050290
4 0.675543 0.799807 0.140217 0.148936
4 0.895652 0.266925 0.143478 0.297872
6 0.655435 0.287234 0.095652 0.164410
6 0.497826 0.906190 0.089130 0.179884
M 0.523913 0.294004 0.021739 0.038685
M 0.769565 0.754352 0.030435 0.054159
G 0.667391 0.560928 0.110870 0.158607
G 0.119022 0.830754 0.151087 0.326886
