6 0.551111 0.493333 0.088889 0.088889
6 0.093333 0.724444 0.097778 0.097778
9 0.382222 0.564444 0.088889 0.088889
9 0.164444 0.284444 0.088889 0.088889
T 0.777778 0.246667 0.346667 0.431111
W 0.311111 0.795556 0.088889 0.088889
W 0.146667 0.928889 0.124444 0.124444
P 0.226667 0.106667 0.106667 0.106667
2 0.111111 0.391111 0.088889 0.088889
2 0.493333 0.640000 0.088889 0.088889
N 0.675556 0.884444 0.124444 0.124444
N 0.404444 0.462222 0.106667 0.106667
1 0.373333 0.217778 0.088889 0.088889
V 0.737778 0.646667 0.266667 0.280000
V 0.502222 0.302222 0.115556 0.115556
