N 0.943478 0.829787 0.026087 0.046422
N 0.780435 0.891683 0.021739 0.038685
X 0.726087 0.603482 0.128261 0.259188
X 0.248370 0.252418 0.131522 0.172147
J 0.150000 0.914894 0.021739 0.038685
J 0.396196 0.821083 0.133696 0.214700
U 0.473913 0.448743 0.080435 0.116054
U 0.473913 0.245648 0.134783 0.216634
C 0.776630 0.192456 0.148913 0.164410
C 0.080978 0.652805 0.159783 0.121857
D 0.907065 0.516441 0.185870 0.301741
D 0.616304 0.329787 0.126087 0.183752
P 0.632065 0.875242 0.098913 0.121857
P 0.344565 0.516441 0.021739 0.038685
