J 0.262222 0.835556 0.106667 0.106667
J 0.897778 0.777778 0.088889 0.088889
3 0.053333 0.475556 0.088889 0.088889
3 0.700000 0.433333 0.315556 0.440000
L 0.251111 0.206667 0.457778 0.377778
Q 0.257778 0.497778 0.088889 0.088889
Q 0.484444 0.795556 0.088889 0.088889
C 0.542222 0.933333 0.097778 0.097778
N 0.857778 0.142222 0.124444 0.124444
T 0.942222 0.457778 0.088889 0.088889
T 0.266667 0.720000 0.088889 0.088889
F 0.742222 0.862222 0.088889 0.088889
F 0.128889 0.702222 0.097778 0.097778
1 0.102222 0.595556 0.088889 0.088889
1 0.555556 0.106667 0.097778 0.097778
