B 0.345703 0.484375 0.125000 0.148438
B 0.652344 0.145833 0.257812 0.205729
F 0.857422 0.924479 0.039062 0.026042
F 0.412109 0.192708 0.039062 0.026042
4 0.820312 0.055990 0.039062 0.026042
4 0.698242 0.798177 0.119141 0.148438
7 0.750977 0.583984 0.271484 0.154948
7 0.058594 0.164062 0.046875 0.031250
A 0.187500 0.657552 0.046875 0.031250
A 0.364258 0.070964 0.255859 0.126302
Q 0.189453 0.861328 0.234375 0.110677
Q 0.949219 0.217448 0.046875 0.031250
P 0.548828 0.419271 0.136719 0.164062
P 0.366211 0.826172 0.119141 0.178385
6 0.193359 0.303385 0.050781 0.033854
6 0.171875 0.149740 0.039062 0.026042
D 0.836914 0.372396 0.279297 0.221354
D 0.568359 0.527344 0.039062 0.026042
3 0.376953 0.687500 0.054688 0.036458
3 0.484375 0.890625 0.054688 0.036458
